{"sequence_id": "arkit_47333462", "frame_idx": 0, "frame_stem": "47333462_57352.271", "camera_pose": [[0.03483878821134567, 0.9992606043815613, -0.016263220459222794, 0.13762499392032623], [0.9943416118621826, -0.0362921804189682, -0.0998377725481987, -0.12197799980640411], [-0.10035417973995209, -0.012692970223724842, -0.9948707818984985, 0.1046999990940094], [0.0, 0.0, 0.0, 1.0]], "camera_delta": [0.0, 0.0, 0.0, 0.0, 0.0, 0.0], "nodes": [], "edges": []}
{"sequence_id": "arkit_47333462", "frame_idx": 1, "frame_stem": "47333462_57352.338", "camera_pose": [[0.03483878821134567, 0.9992606043815613, -0.016263220459222794, 0.13762499392032623], [0.9943416118621826, -0.0362921804189682, -0.0998377725481987, -0.12197799980640411], [-0.10035417973995209, -0.012692970223724842, -0.9948707818984985, 0.1046999990940094], [0.0, 0.0, 0.0, 1.0]], "camera_delta": [0.0, 0.0, 0.0, -1.514948722025622e-10, 1.6825891790972491e-09, -1.0187617416335115e-09], "nodes": [], "edges": []}
{"sequence_id": "arkit_47333462", "frame_idx": 2, "frame_stem": "47333462_57352.405", "camera_pose": [[0.03483878821134567, 0.9992606043815613, -0.016263220459222794, 0.13762499392032623], [0.9943416118621826, -0.0362921804189682, -0.0998377725481987, -0.12197799980640411], [-0.10035417973995209, -0.012692970223724842, -0.9948707818984985, 0.1046999990940094], [0.0, 0.0, 0.0, 1.0]], "camera_delta": [0.0, 0.0, 0.0, -1.514948722025622e-10, 1.6825891790972491e-09, -1.0187617416335115e-09], "nodes": [], "edges": []}
{"sequence_id": "arkit_47333462", "frame_idx": 3, "frame_stem": "47333462_57352.471", "camera_pose": [[0.03483878821134567, 0.9992606043815613, -0.016263220459222794, 0.13762499392032623], [0.9943416118621826, -0.0362921804189682, -0.0998377725481987, -0.12197799980640411], [-0.10035417973995209, -0.012692970223724842, -0.9948707818984985, 0.1046999990940094], [0.0, 0.0, 0.0, 1.0]], "camera_delta": [0.0, 0.0, 0.0, -1.514948722025622e-10, 1.6825891790972491e-09, -1.0187617416335115e-09], "nodes": [], "edges": []}
{"sequence_id": "arkit_47333462", "frame_idx": 4, "frame_stem": "47333462_57352.538", "camera_pose": [[0.03483878821134567, 0.9992606043815613, -0.016263220459222794, 0.13762499392032623], [0.9943416118621826, -0.0362921804189682, -0.0998377725481987, -0.12197799980640411], [-0.10035417973995209, -0.012692970223724842, -0.9948707818984985, 0.1046999990940094], [0.0, 0.0, 0.0, 1.0]], "camera_delta": [0.0, 0.0, 0.0, -1.514948722025622e-10, 1.6825891790972491e-09, -1.0187617416335115e-09], "nodes": [], "edges": []}
{"sequence_id": "arkit_47333462", "frame_idx": 5, "frame_stem": "47333462_57352.605", "camera_pose": [[0.03483878821134567, 0.9992606043815613, -0.016263220459222794, 0.13762499392032623], [0.9943416118621826, -0.0362921804189682, -0.0998377725481987, -0.12197799980640411], [-0.10035417973995209, -0.012692970223724842, -0.9948707818984985, 0.1046999990940094], [0.0, 0.0, 0.0, 1.0]], "camera_delta": [0.0, 0.0, 0.0, -1.514948722025622e-10, 1.6825891790972491e-09, -1.0187617416335115e-09], "nodes": [], "edges": []}
{"sequence_id": "arkit_47333462", "frame_idx": 6, "frame_stem": "47333462_57352.671", "camera_pose": [[0.03483878821134567, 0.9992606043815613, -0.016263220459222794, 0.13762499392032623], [0.9943416118621826, -0.0362921804189682, -0.0998377725481987, -0.12197799980640411], [-0.10035417973995209, -0.012692970223724842, -0.9948707818984985, 0.1046999990940094], [0.0, 0.0, 0.0, 1.0]], "camera_delta": [0.0, 0.0, 0.0, -1.514948722025622e-10, 1.6825891790972491e-09, -1.0187617416335115e-09], "nodes": [{"track_id": 1, "label": "dog", "label_id": 16, "centroid": [0.10605564713478088, -0.10617830604314804, -0.47549548745155334], "size": [0.04935033619403839, 0.04258536547422409, 0.004616111516952515], "bbox": [136.82852172851562, 65.21070861816406, 170.62789916992188, 104.02766418457031], "score": 0.1935274302959442, "visible": 1, "missed": 0, "vel": [0.0, 0.0, 0.0]}], "edges": []}
{"sequence_id": "arkit_47333462", "frame_idx": 7, "frame_stem": "47333462_57352.738", "camera_pose": [[0.03483878821134567, 0.9992606043815613, -0.016263220459222794, 0.13762499392032623], [0.9943416118621826, -0.0362921804189682, -0.0998377725481987, -0.12197799980640411], [-0.10035417973995209, -0.012692970223724842, -0.9948707818984985, 0.1046999990940094], [0.0, 0.0, 0.0, 1.0]], "camera_delta": [0.0, 0.0, 0.0, -1.514948722025622e-10, 1.6825891790972491e-09, -1.0187617416335115e-09], "nodes": [{"track_id": 1, "label": "dog", "label_id": 16, "centroid": [0.10605564713478088, -0.10617830604314804, -0.47549548745155334], "size": [0.04935033619403839, 0.04258536547422409, 0.004616111516952515], "bbox": [136.82852172851562, 65.21070861816406, 170.62789916992188, 104.02766418457031], "score": 0.1935274302959442, "visible": 0, "missed": 1, "vel": [0.0, 0.0, 0.0]}], "edges": []}
{"sequence_id": "arkit_47333462", "frame_idx": 8, "frame_stem": "47333462_57352.805", "camera_pose": [[0.03483878821134567, 0.9992606043815613, -0.016263220459222794, 0.13762499392032623], [0.9943416118621826, -0.0362921804189682, -0.0998377725481987, -0.12197799980640411], [-0.10035417973995209, -0.012692970223724842, -0.9948707818984985, 0.1046999990940094], [0.0, 0.0, 0.0, 1.0]], "camera_delta": [0.0, 0.0, 0.0, -1.514948722025622e-10, 1.6825891790972491e-09, -1.0187617416335115e-09], "nodes": [{"track_id": 1, "label": "dog", "label_id": 16, "centroid": [0.10605564713478088, -0.10617830604314804, -0.47549548745155334], "size": [0.04935033619403839, 0.04258536547422409, 0.004616111516952515], "bbox": [136.82852172851562, 65.21070861816406, 170.62789916992188, 104.02766418457031], "score": 0.1935274302959442, "visible": 0, "missed": 2, "vel": [0.0, 0.0, 0.0]}, {"track_id": 2, "label": "teddy bear", "label_id": 77, "centroid": [0.1047489196062088, -0.10472384095191956, -0.4770814776420593], "size": [0.051888033747673035, 0.04480869323015213, 0.004927694797515869], "bbox": [137.4654998779297, 63.82965087890625, 171.9652557373047, 104.23909759521484], "score": 0.21488583087921143, "visible": 1, "missed": 0, "vel": [0.0, 0.0, 0.0]}], "edges": [{"src": 1, "dst": 2, "type": "near", "score": 0.9983215928077698}, {"src": 2, "dst": 1, "type": "near", "score": 0.9983215928077698}]}
{"sequence_id": "arkit_47333462", "frame_idx": 9, "frame_stem": "47333462_57352.871", "camera_pose": [[0.03483878821134567, 0.9992606043815613, -0.016263220459222794, 0.13762499392032623], [0.9943416118621826, -0.0362921804189682, -0.0998377725481987, -0.12197799980640411], [-0.10035417973995209, -0.012692970223724842, -0.9948707818984985, 0.1046999990940094], [0.0, 0.0, 0.0, 1.0]], "camera_delta": [0.0, 0.0, 0.0, -1.514948722025622e-10, 1.6825891790972491e-09, -1.0187617416335115e-09], "nodes": [{"track_id": 1, "label": "dog", "label_id": 16, "centroid": [0.10605564713478088, -0.10617830604314804, -0.47549548745155334], "size": [0.04935033619403839, 0.04258536547422409, 0.004616111516952515], "bbox": [136.82852172851562, 65.21070861816406, 170.62789916992188, 104.02766418457031], "score": 0.1935274302959442, "visible": 0, "missed": 3, "vel": [0.0, 0.0, 0.0]}, {"track_id": 2, "label": "teddy bear", "label_id": 77, "centroid": [0.10468244552612305, -0.10330913215875626, -0.47898685932159424], "size": [0.052048586308956146, 0.04287557303905487, 0.0041425228118896484], "bbox": [137.67440795898438, 63.943115234375, 172.12313842773438, 104.07759094238281], "score": 0.20811684429645538, "visible": 1, "missed": 0, "vel": [-6.64740800857544e-05, 0.0014147087931632996, -0.0019053816795349121]}], "edges": [{"src": 1, "dst": 2, "type": "near", "score": 0.9968512654304504}, {"src": 2, "dst": 1, "type": "near", "score": 0.9968512654304504}]}
{"sequence_id": "arkit_47333462", "frame_idx": 10, "frame_stem": "47333462_57352.938", "camera_pose": [[0.03483878821134567, 0.9992606043815613, -0.016263220459222794, 0.13762499392032623], [0.9943416118621826, -0.0362921804189682, -0.0998377725481987, -0.12197799980640411], [-0.10035417973995209, -0.012692970223724842, -0.9948707818984985, 0.1046999990940094], [0.0, 0.0, 0.0, 1.0]], "camera_delta": [0.0, 0.0, 0.0, -1.514948722025622e-10, 1.6825891790972491e-09, -1.0187617416335115e-09], "nodes": [{"track_id": 1, "label": "dog", "label_id": 16, "centroid": [0.10605564713478088, -0.10617830604314804, -0.47549548745155334], "size": [0.04935033619403839, 0.04258536547422409, 0.004616111516952515], "bbox": [136.82852172851562, 65.21070861816406, 170.62789916992188, 104.02766418457031], "score": 0.1935274302959442, "visible": 0, "missed": 4, "vel": [0.0, 0.0, 0.0]}, {"track_id": 2, "label": "teddy bear", "label_id": 77, "centroid": [0.10461597144603729, -0.10189442336559296, -0.48089224100112915], "size": [0.052048586308956146, 0.04287557303905487, 0.0041425228118896484], "bbox": [137.67440795898438, 63.943115234375, 172.12313842773438, 104.07759094238281], "score": 0.20811684429645538, "visible": 0, "missed": 1, "vel": [-6.64740800857544e-05, 0.0014147087931632996, -0.0019053816795349121]}], "edges": []}
{"sequence_id": "arkit_47333462", "frame_idx": 11, "frame_stem": "47333462_57353.004", "camera_pose": [[0.03483878821134567, 0.9992606043815613, -0.016263220459222794, 0.13762499392032623], [0.9943416118621826, -0.0362921804189682, -0.0998377725481987, -0.12197799980640411], [-0.10035417973995209, -0.012692970223724842, -0.9948707818984985, 0.1046999990940094], [0.0, 0.0, 0.0, 1.0]], "camera_delta": [0.0, 0.0, 0.0, -1.514948722025622e-10, 1.6825891790972491e-09, -1.0187617416335115e-09], "nodes": [{"track_id": 1, "label": "dog", "label_id": 16, "centroid": [0.10605564713478088, -0.10617830604314804, -0.47549548745155334], "size": [0.04935033619403839, 0.04258536547422409, 0.004616111516952515], "bbox": [136.82852172851562, 65.21070861816406, 170.62789916992188, 104.02766418457031], "score": 0.1935274302959442, "visible": 0, "missed": 5, "vel": [0.0, 0.0, 0.0]}, {"track_id": 2, "label": "teddy bear", "label_id": 77, "centroid": [0.10454949736595154, -0.10047971457242966, -0.48279762268066406], "size": [0.052048586308956146, 0.04287557303905487, 0.0041425228118896484], "bbox": [137.67440795898438, 63.943115234375, 172.12313842773438, 104.07759094238281], "score": 0.20811684429645538, "visible": 0, "missed": 2, "vel": [-6.64740800857544e-05, 0.0014147087931632996, -0.0019053816795349121]}], "edges": []}
{"sequence_id": "arkit_47333462", "frame_idx": 12, "frame_stem": "47333462_57353.071", "camera_pose": [[0.03483878821134567, 0.9992606043815613, -0.016263220459222794, 0.13762499392032623], [0.9943416118621826, -0.0362921804189682, -0.0998377725481987, -0.12197799980640411], [-0.10035417973995209, -0.012692970223724842, -0.9948707818984985, 0.1046999990940094], [0.0, 0.0, 0.0, 1.0]], "camera_delta": [0.0, 0.0, 0.0, -1.514948722025622e-10, 1.6825891790972491e-09, -1.0187617416335115e-09], "nodes": [{"track_id": 1, "label": "dog", "label_id": 16, "centroid": [0.10605564713478088, -0.10617830604314804, -0.47549548745155334], "size": [0.04935033619403839, 0.04258536547422409, 0.004616111516952515], "bbox": [136.82852172851562, 65.21070861816406, 170.62789916992188, 104.02766418457031], "score": 0.1935274302959442, "visible": 0, "missed": 6, "vel": [0.0, 0.0, 0.0]}, {"track_id": 2, "label": "teddy bear", "label_id": 77, "centroid": [0.10448302328586578, -0.09906500577926636, -0.484703004360199], "size": [0.052048586308956146, 0.04287557303905487, 0.0041425228118896484], "bbox": [137.67440795898438, 63.943115234375, 172.12313842773438, 104.07759094238281], "score": 0.20811684429645538, "visible": 0, "missed": 3, "vel": [-6.64740800857544e-05, 0.0014147087931632996, -0.0019053816795349121]}], "edges": []}
{"sequence_id": "arkit_47333462", "frame_idx": 13, "frame_stem": "47333462_57353.138", "camera_pose": [[0.03483878821134567, 0.9992606043815613, -0.016263220459222794, 0.13762499392032623], [0.9943416118621826, -0.0362921804189682, -0.0998377725481987, -0.12197799980640411], [-0.10035417973995209, -0.012692970223724842, -0.9948707818984985, 0.1046999990940094], [0.0, 0.0, 0.0, 1.0]], "camera_delta": [0.0, 0.0, 0.0, -1.514948722025622e-10, 1.6825891790972491e-09, -1.0187617416335115e-09], "nodes": [{"track_id": 1, "label": "dog", "label_id": 16, "centroid": [0.10605564713478088, -0.10617830604314804, -0.47549548745155334], "size": [0.04935033619403839, 0.04258536547422409, 0.004616111516952515], "bbox": [136.82852172851562, 65.21070861816406, 170.62789916992188, 104.02766418457031], "score": 0.1935274302959442, "visible": 0, "missed": 7, "vel": [0.0, 0.0, 0.0]}, {"track_id": 2, "label": "teddy bear", "label_id": 77, "centroid": [0.10441654920578003, -0.09765029698610306, -0.4866083860397339], "size": [0.052048586308956146, 0.04287557303905487, 0.0041425228118896484], "bbox": [137.67440795898438, 63.943115234375, 172.12313842773438, 104.07759094238281], "score": 0.20811684429645538, "visible": 0, "missed": 4, "vel": [-6.64740800857544e-05, 0.0014147087931632996, -0.0019053816795349121]}], "edges": []}
{"sequence_id": "arkit_47333462", "frame_idx": 14, "frame_stem": "47333462_57353.204", "camera_pose": [[0.03483878821134567, 0.9992606043815613, -0.016263220459222794, 0.13762499392032623], [0.9943416118621826, -0.0362921804189682, -0.0998377725481987, -0.12197799980640411], [-0.10035417973995209, -0.012692970223724842, -0.9948707818984985, 0.1046999990940094], [0.0, 0.0, 0.0, 1.0]], "camera_delta": [0.0, 0.0, 0.0, -1.514948722025622e-10, 1.6825891790972491e-09, -1.0187617416335115e-09], "nodes": [{"track_id": 1, "label": "dog", "label_id": 16, "centroid": [0.10605564713478088, -0.10617830604314804, -0.47549548745155334], "size": [0.04935033619403839, 0.04258536547422409, 0.004616111516952515], "bbox": [136.82852172851562, 65.21070861816406, 170.62789916992188, 104.02766418457031], "score": 0.1935274302959442, "visible": 0, "missed": 8, "vel": [0.0, 0.0, 0.0]}, {"track_id": 2, "label": "teddy bear", "label_id": 77, "centroid": [0.10435007512569427, -0.09623558819293976, -0.4885137677192688], "size": [0.052048586308956146, 0.04287557303905487, 0.0041425228118896484], "bbox": [137.67440795898438, 63.943115234375, 172.12313842773438, 104.07759094238281], "score": 0.20811684429645538, "visible": 0, "missed": 5, "vel": [-6.64740800857544e-05, 0.0014147087931632996, -0.0019053816795349121]}, {"track_id": 3, "label": "suitcase", "label_id": 28, "centroid": [0.140980064868927, 0.16726525127887726, -0.5448709726333618], "size": [0.18076303601264954, 0.015289843082427979, 0.01324307918548584], "bbox": [242.63394165039062, 29.304492950439453, 255.8725128173828, 159.13308715820312], "score": 0.2332816869020462, "visible": 1, "missed": 0, "vel": [0.0, 0.0, 0.0]}], "edges": [{"src": 1, "dst": 3, "type": "near", "score": 0.810492992401123}, {"src": 3, "dst": 1, "type": "near", "score": 0.810492992401123}, {"src": 2, "dst": 3, "type": "near", "score": 0.8187076449394226}, {"src": 3, "dst": 2, "type": "near", "score": 0.8187076449394226}]}
{"sequence_id": "arkit_47333462", "frame_idx": 15, "frame_stem": "47333462_57353.271", "camera_pose": [[0.03483878821134567, 0.9992606043815613, -0.016263220459222794, 0.13762499392032623], [0.9943416118621826, -0.0362921804189682, -0.0998377725481987, -0.12197799980640411], [-0.10035417973995209, -0.012692970223724842, -0.9948707818984985, 0.1046999990940094], [0.0, 0.0, 0.0, 1.0]], "camera_delta": [0.0, 0.0, 0.0, -1.514948722025622e-10, 1.6825891790972491e-09, -1.0187617416335115e-09], "nodes": [{"track_id": 1, "label": "dog", "label_id": 16, "centroid": [0.10605564713478088, -0.10617830604314804, -0.47549548745155334], "size": [0.04935033619403839, 0.04258536547422409, 0.004616111516952515], "bbox": [136.82852172851562, 65.21070861816406, 170.62789916992188, 104.02766418457031], "score": 0.1935274302959442, "visible": 0, "missed": 9, "vel": [0.0, 0.0, 0.0]}, {"track_id": 2, "label": "teddy bear", "label_id": 77, "centroid": [0.10428360104560852, -0.09482087939977646, -0.4904191493988037], "size": [0.052048586308956146, 0.04287557303905487, 0.0041425228118896484], "bbox": [137.67440795898438, 63.943115234375, 172.12313842773438, 104.07759094238281], "score": 0.20811684429645538, "visible": 0, "missed": 6, "vel": [-6.64740800857544e-05, 0.0014147087931632996, -0.0019053816795349121]}, {"track_id": 3, "label": "suitcase", "label_id": 28, "centroid": [0.140980064868927, 0.16726525127887726, -0.5448709726333618], "size": [0.18076303601264954, 0.015289843082427979, 0.01324307918548584], "bbox": [242.63394165039062, 29.304492950439453, 255.8725128173828, 159.13308715820312], "score": 0.2332816869020462, "visible": 0, "missed": 1, "vel": [0.0, 0.0, 0.0]}], "edges": []}
{"sequence_id": "arkit_47333462", "frame_idx": 16, "frame_stem": "47333462_57353.338", "camera_pose": [[0.03483878821134567, 0.9992606043815613, -0.016263220459222794, 0.13762499392032623], [0.9943416118621826, -0.0362921804189682, -0.0998377725481987, -0.12197799980640411], [-0.10035417973995209, -0.012692970223724842, -0.9948707818984985, 0.1046999990940094], [0.0, 0.0, 0.0, 1.0]], "camera_delta": [0.0, 0.0, 0.0, -1.514948722025622e-10, 1.6825891790972491e-09, -1.0187617416335115e-09], "nodes": [{"track_id": 1, "label": "dog", "label_id": 16, "centroid": [0.10605564713478088, -0.10617830604314804, -0.47549548745155334], "size": [0.04935033619403839, 0.04258536547422409, 0.004616111516952515], "bbox": [136.82852172851562, 65.21070861816406, 170.62789916992188, 104.02766418457031], "score": 0.1935274302959442, "visible": 0, "missed": 10, "vel": [0.0, 0.0, 0.0]}, {"track_id": 2, "label": "teddy bear", "label_id": 77, "centroid": [0.10421712696552277, -0.09340617060661316, -0.4923245310783386], "size": [0.052048586308956146, 0.04287557303905487, 0.0041425228118896484], "bbox": [137.67440795898438, 63.943115234375, 172.12313842773438, 104.07759094238281], "score": 0.20811684429645538, "visible": 0, "missed": 7, "vel": [-6.64740800857544e-05, 0.0014147087931632996, -0.0019053816795349121]}, {"track_id": 3, "label": "suitcase", "label_id": 28, "centroid": [0.140980064868927, 0.16726525127887726, -0.5448709726333618], "size": [0.18076303601264954, 0.015289843082427979, 0.01324307918548584], "bbox": [242.63394165039062, 29.304492950439453, 255.8725128173828, 159.13308715820312], "score": 0.2332816869020462, "visible": 0, "missed": 2, "vel": [0.0, 0.0, 0.0]}, {"track_id": 4, "label": "tv", "label_id": 62, "centroid": [0.1833687126636505, 0.1669469028711319, -0.5535528659820557], "size": [0.2123582810163498, 0.020543470978736877, 0.00782012939453125], "bbox": [239.90859985351562, 32.345970153808594, 255.85287475585938, 184.4853057861328], "score": 0.2308207005262375, "visible": 1, "missed": 0, "vel": [0.0, 0.0, 0.0]}], "edges": [{"src": 1, "dst": 4, "type": "near", "score": 0.8037375211715698}, {"src": 4, "dst": 1, "type": "near", "score": 0.8037375211715698}, {"src": 2, "dst": 4, "type": "near", "score": 0.8140518665313721}, {"src": 4, "dst": 2, "type": "near", "score": 0.8140518665313721}, {"src": 3, "dst": 4, "type": "near", "score": 0.9711534976959229}, {"src": 4, "dst": 3, "type": "near", "score": 0.9711534976959229}]}
{"sequence_id": "arkit_47333462", "frame_idx": 17, "frame_stem": "47333462_57353.404", "camera_pose": [[0.03483878821134567, 0.9992606043815613, -0.016263220459222794, 0.13762499392032623], [0.9943416118621826, -0.0362921804189682, -0.0998377725481987, -0.12197799980640411], [-0.10035417973995209, -0.012692970223724842, -0.9948707818984985, 0.1046999990940094], [0.0, 0.0, 0.0, 1.0]], "camera_delta": [0.0, 0.0, 0.0, -1.514948722025622e-10, 1.6825891790972491e-09, -1.0187617416335115e-09], "nodes": [{"track_id": 1, "label": "dog", "label_id": 16, "centroid": [0.10605564713478088, -0.10617830604314804, -0.47549548745155334], "size": [0.04935033619403839, 0.04258536547422409, 0.004616111516952515], "bbox": [136.82852172851562, 65.21070861816406, 170.62789916992188, 104.02766418457031], "score": 0.1935274302959442, "visible": 0, "missed": 11, "vel": [0.0, 0.0, 0.0]}, {"track_id": 2, "label": "teddy bear", "label_id": 77, "centroid": [0.10415065288543701, -0.09199146181344986, -0.49422991275787354], "size": [0.052048586308956146, 0.04287557303905487, 0.0041425228118896484], "bbox": [137.67440795898438, 63.943115234375, 172.12313842773438, 104.07759094238281], "score": 0.20811684429645538, "visible": 0, "missed": 8, "vel": [-6.64740800857544e-05, 0.0014147087931632996, -0.0019053816795349121]}, {"track_id": 3, "label": "suitcase", "label_id": 28, "centroid": [0.17913569509983063, 0.16818909347057343, -0.5566254258155823], "size": [0.21133874356746674, 0.02003943920135498, 0.008661866188049316], "bbox": [239.289794921875, 31.84893798828125, 255.849365234375, 182.44204711914062], "score": 0.190203458070755, "visible": 1, "missed": 0, "vel": [0.038155630230903625, 0.000923842191696167, -0.011754453182220459]}, {"track_id": 4, "label": "tv", "label_id": 62, "centroid": [0.17913569509983063, 0.16818909347057343, -0.5566254258155823], "size": [0.21133874356746674, 0.02003943920135498, 0.008661866188049316], "bbox": [239.4510955810547, 32.356590270996094, 255.8504180908203, 181.62149047851562], "score": 0.31245890259742737, "visible": 1, "missed": 0, "vel": [-0.004233017563819885, 0.0012421905994415283, -0.0030725598335266113]}], "edges": [{"src": 1, "dst": 3, "type": "near", "score": 0.8031354546546936}, {"src": 3, "dst": 1, "type": "near", "score": 0.8031354546546936}, {"src": 1, "dst": 4, "type": "near", "score": 0.8031354546546936}, {"src": 4, "dst": 1, "type": "near", "score": 0.8031354546546936}, {"src": 2, "dst": 3, "type": "near", "score": 0.8147555589675903}, {"src": 3, "dst": 2, "type": "near", "score": 0.8147555589675903}, {"src": 2, "dst": 4, "type": "near", "score": 0.8147555589675903}, {"src": 4, "dst": 2, "type": "near", "score": 0.8147555589675903}, {"src": 3, "dst": 4, "type": "near", "score": 1.0}, {"src": 4, "dst": 3, "type": "near", "score": 1.0}]}
{"sequence_id": "arkit_47333462", "frame_idx": 18, "frame_stem": "47333462_57353.471", "camera_pose": [[0.03483878821134567, 0.9992606043815613, -0.016263220459222794, 0.13762499392032623], [0.9943416118621826, -0.0362921804189682, -0.0998377725481987, -0.12197799980640411], [-0.10035417973995209, -0.012692970223724842, -0.9948707818984985, 0.1046999990940094], [0.0, 0.0, 0.0, 1.0]], "camera_delta": [0.0, 0.0, 0.0, -1.514948722025622e-10, 1.6825891790972491e-09, -1.0187617416335115e-09], "nodes": [{"track_id": 1, "label": "dog", "label_id": 16, "centroid": [0.10605564713478088, -0.10617830604314804, -0.47549548745155334], "size": [0.04935033619403839, 0.04258536547422409, 0.004616111516952515], "bbox": [136.82852172851562, 65.21070861816406, 170.62789916992188, 104.02766418457031], "score": 0.1935274302959442, "visible": 0, "missed": 12, "vel": [0.0, 0.0, 0.0]}, {"track_id": 2, "label": "teddy bear", "label_id": 77, "centroid": [0.10408417880535126, -0.09057675302028656, -0.49613529443740845], "size": [0.052048586308956146, 0.04287557303905487, 0.0041425228118896484], "bbox": [137.67440795898438, 63.943115234375, 172.12313842773438, 104.07759094238281], "score": 0.20811684429645538, "visible": 0, "missed": 9, "vel": [-6.64740800857544e-05, 0.0014147087931632996, -0.0019053816795349121]}, {"track_id": 3, "label": "suitcase", "label_id": 28, "centroid": [0.21729132533073425, 0.1691129356622696, -0.5683798789978027], "size": [0.21133874356746674, 0.02003943920135498, 0.008661866188049316], "bbox": [239.289794921875, 31.84893798828125, 255.849365234375, 182.44204711914062], "score": 0.190203458070755, "visible": 0, "missed": 1, "vel": [0.038155630230903625, 0.000923842191696167, -0.011754453182220459]}, {"track_id": 4, "label": "tv", "label_id": 62, "centroid": [0.19093504548072815, 0.16564030945301056, -0.5570489168167114], "size": [0.2213776409626007, 0.021729573607444763, 0.005166471004486084], "bbox": [238.4619140625, 32.970726013183594, 255.8427734375, 189.3403778076172], "score": 0.26987388730049133, "visible": 1, "missed": 0, "vel": [0.011799350380897522, -0.002548784017562866, -0.0004234910011291504]}], "edges": [{"src": 1, "dst": 4, "type": "near", "score": 0.8025261163711548}, {"src": 4, "dst": 1, "type": "near", "score": 0.8025261163711548}, {"src": 2, "dst": 4, "type": "near", "score": 0.8151267766952515}, {"src": 4, "dst": 2, "type": "near", "score": 0.8151267766952515}, {"src": 3, "dst": 4, "type": "near", "score": 0.9807345867156982}, {"src": 4, "dst": 3, "type": "near", "score": 0.9807345867156982}]}
{"sequence_id": "arkit_47333462", "frame_idx": 19, "frame_stem": "47333462_57353.538", "camera_pose": [[0.03483878821134567, 0.9992606043815613, -0.016263220459222794, 0.13762499392032623], [0.9943416118621826, -0.0362921804189682, -0.0998377725481987, -0.12197799980640411], [-0.10035417973995209, -0.012692970223724842, -0.9948707818984985, 0.1046999990940094], [0.0, 0.0, 0.0, 1.0]], "camera_delta": [0.0, 0.0, 0.0, -1.514948722025622e-10, 1.6825891790972491e-09, -1.0187617416335115e-09], "nodes": [{"track_id": 1, "label": "dog", "label_id": 16, "centroid": [0.10605564713478088, -0.10617830604314804, -0.47549548745155334], "size": [0.04935033619403839, 0.04258536547422409, 0.004616111516952515], "bbox": [136.82852172851562, 65.21070861816406, 170.62789916992188, 104.02766418457031], "score": 0.1935274302959442, "visible": 0, "missed": 13, "vel": [0.0, 0.0, 0.0]}, {"track_id": 2, "label": "teddy bear", "label_id": 77, "centroid": [0.1040177047252655, -0.08916204422712326, -0.49804067611694336], "size": [0.052048586308956146, 0.04287557303905487, 0.0041425228118896484], "bbox": [137.67440795898438, 63.943115234375, 172.12313842773438, 104.07759094238281], "score": 0.20811684429645538, "visible": 0, "missed": 10, "vel": [-6.64740800857544e-05, 0.0014147087931632996, -0.0019053816795349121]}, {"track_id": 3, "label": "suitcase", "label_id": 28, "centroid": [0.2554469704627991, 0.17003677785396576, -0.5801343321800232], "size": [0.21133874356746674, 0.02003943920135498, 0.008661866188049316], "bbox": [239.289794921875, 31.84893798828125, 255.849365234375, 182.44204711914062], "score": 0.190203458070755, "visible": 0, "missed": 2, "vel": [0.038155630230903625, 0.000923842191696167, -0.011754453182220459]}, {"track_id": 4, "label": "tv", "label_id": 62, "centroid": [0.19255885481834412, 0.16594098508358002, -0.5583380460739136], "size": [0.22436019778251648, 0.02172870934009552, 0.006121695041656494], "bbox": [237.9678192138672, 33.006263732910156, 255.8422393798828, 190.00308227539062], "score": 0.19544151425361633, "visible": 1, "missed": 0, "vel": [0.0016238093376159668, 0.000300675630569458, -0.0012891292572021484]}], "edges": [{"src": 1, "dst": 4, "type": "near", "score": 0.801791787147522}, {"src": 4, "dst": 1, "type": "near", "score": 0.801791787147522}, {"src": 2, "dst": 4, "type": "near", "score": 0.8155454397201538}, {"src": 4, "dst": 2, "type": "near", "score": 0.8155454397201538}, {"src": 3, "dst": 4, "type": "near", "score": 0.9555439352989197}, {"src": 4, "dst": 3, "type": "near", "score": 0.9555439352989197}]}
{"sequence_id": "arkit_47333462", "frame_idx": 20, "frame_stem": "47333462_57353.604", "camera_pose": [[0.03483878821134567, 0.9992606043815613, -0.016263220459222794, 0.13762499392032623], [0.9943416118621826, -0.0362921804189682, -0.0998377725481987, -0.12197799980640411], [-0.10035417973995209, -0.012692970223724842, -0.9948707818984985, 0.1046999990940094], [0.0, 0.0, 0.0, 1.0]], "camera_delta": [0.0, 0.0, 0.0, -1.514948722025622e-10, 1.6825891790972491e-09, -1.0187617416335115e-09], "nodes": [{"track_id": 1, "label": "dog", "label_id": 16, "centroid": [0.10605564713478088, -0.10617830604314804, -0.47549548745155334], "size": [0.04935033619403839, 0.04258536547422409, 0.004616111516952515], "bbox": [136.82852172851562, 65.21070861816406, 170.62789916992188, 104.02766418457031], "score": 0.1935274302959442, "visible": 0, "missed": 14, "vel": [0.0, 0.0, 0.0]}, {"track_id": 2, "label": "teddy bear", "label_id": 77, "centroid": [0.10395123064517975, -0.08774733543395996, -0.49994605779647827], "size": [0.052048586308956146, 0.04287557303905487, 0.0041425228118896484], "bbox": [137.67440795898438, 63.943115234375, 172.12313842773438, 104.07759094238281], "score": 0.20811684429645538, "visible": 0, "missed": 11, "vel": [-6.64740800857544e-05, 0.0014147087931632996, -0.0019053816795349121]}, {"track_id": 3, "label": "suitcase", "label_id": 28, "centroid": [0.2936025857925415, 0.17096062004566193, -0.5918887853622437], "size": [0.21133874356746674, 0.02003943920135498, 0.008661866188049316], "bbox": [239.289794921875, 31.84893798828125, 255.849365234375, 182.44204711914062], "score": 0.190203458070755, "visible": 0, "missed": 3, "vel": [0.038155630230903625, 0.000923842191696167, -0.011754453182220459]}, {"track_id": 4, "label": "tv", "label_id": 62, "centroid": [0.1941480189561844, 0.16618335247039795, -0.5588128566741943], "size": [0.22183340787887573, 0.022053614258766174, 0.005583703517913818], "bbox": [237.9999542236328, 33.9466552734375, 255.84017944335938, 190.55764770507812], "score": 0.20930428802967072, "visible": 1, "missed": 0, "vel": [0.001589164137840271, 0.00024236738681793213, -0.0004748106002807617]}, {"track_id": 5, "label": "book", "label_id": 73, "centroid": [0.17523440718650818, -0.1467786431312561, -0.5178922414779663], "size": [0.14683911204338074, 0.10911667346954346, 0.015635132789611816], "bbox": [101.21501159667969, 56.6718635559082, 179.6520233154297, 162.61557006835938], "score": 0.19192859530448914, "visible": 1, "missed": 0, "vel": [0.0, 0.0, 0.0]}], "edges": [{"src": 1, "dst": 4, "type": "near", "score": 0.8012450933456421}, {"src": 4, "dst": 1, "type": "near", "score": 0.8012450933456421}, {"src": 1, "dst": 5, "type": "near", "score": 0.9395146369934082}, {"src": 5, "dst": 1, "type": "near", "score": 0.9395146369934082}, {"src": 2, "dst": 4, "type": "near", "score": 0.816114068031311}, {"src": 4, "dst": 2, "type": "near", "score": 0.816114068031311}, {"src": 2, "dst": 5, "type": "near", "score": 0.9371490478515625}, {"src": 5, "dst": 2, "type": "near", "score": 0.9371490478515625}, {"src": 3, "dst": 4, "type": "near", "score": 0.9300538301467896}, {"src": 4, "dst": 3, "type": "near", "score": 0.9300538301467896}, {"src": 3, "dst": 5, "type": "near", "score": 0.7686323523521423}, {"src": 5, "dst": 3, "type": "near", "score": 0.7686323523521423}, {"src": 4, "dst": 5, "type": "near", "score": 0.7892052531242371}, {"src": 5, "dst": 4, "type": "near", "score": 0.7892052531242371}]}
{"sequence_id": "arkit_47333462", "frame_idx": 21, "frame_stem": "47333462_57353.671", "camera_pose": [[0.03483878821134567, 0.9992606043815613, -0.016263220459222794, 0.13762499392032623], [0.9943416118621826, -0.0362921804189682, -0.0998377725481987, -0.12197799980640411], [-0.10035417973995209, -0.012692970223724842, -0.9948707818984985, 0.1046999990940094], [0.0, 0.0, 0.0, 1.0]], "camera_delta": [0.0, 0.0, 0.0, -1.514948722025622e-10, 1.6825891790972491e-09, -1.0187617416335115e-09], "nodes": [{"track_id": 2, "label": "teddy bear", "label_id": 77, "centroid": [0.103884756565094, -0.08633262664079666, -0.5018514394760132], "size": [0.052048586308956146, 0.04287557303905487, 0.0041425228118896484], "bbox": [137.67440795898438, 63.943115234375, 172.12313842773438, 104.07759094238281], "score": 0.20811684429645538, "visible": 0, "missed": 12, "vel": [-6.64740800857544e-05, 0.0014147087931632996, -0.0019053816795349121]}, {"track_id": 3, "label": "suitcase", "label_id": 28, "centroid": [0.33175820112228394, 0.1718844622373581, -0.6036432385444641], "size": [0.21133874356746674, 0.02003943920135498, 0.008661866188049316], "bbox": [239.289794921875, 31.84893798828125, 255.849365234375, 182.44204711914062], "score": 0.190203458070755, "visible": 0, "missed": 4, "vel": [0.038155630230903625, 0.000923842191696167, -0.011754453182220459]}, {"track_id": 4, "label": "tv", "label_id": 62, "centroid": [0.1939687430858612, 0.1655866652727127, -0.5574252009391785], "size": [0.221394345164299, 0.02166616916656494, 0.00655519962310791], "bbox": [238.75888061523438, 34.26750564575195, 255.84326171875, 190.18014526367188], "score": 0.22194348275661469, "visible": 1, "missed": 0, "vel": [-0.00017927587032318115, -0.0005966871976852417, 0.0013876557350158691]}, {"track_id": 5, "label": "book", "label_id": 73, "centroid": [0.17523440718650818, -0.1467786431312561, -0.5178922414779663], "size": [0.14683911204338074, 0.10911667346954346, 0.015635132789611816], "bbox": [101.21501159667969, 56.6718635559082, 179.6520233154297, 162.61557006835938], "score": 0.19192859530448914, "visible": 0, "missed": 1, "vel": [0.0, 0.0, 0.0]}], "edges": [{"src": 2, "dst": 4, "type": "near", "score": 0.8178316950798035}, {"src": 4, "dst": 2, "type": "near", "score": 0.8178316950798035}, {"src": 3, "dst": 4, "type": "near", "score": 0.9030195474624634}, {"src": 4, "dst": 3, "type": "near", "score": 0.9030195474624634}, {"src": 4, "dst": 5, "type": "near", "score": 0.7897241115570068}, {"src": 5, "dst": 4, "type": "near", "score": 0.7897241115570068}]}
{"sequence_id": "arkit_47333462", "frame_idx": 22, "frame_stem": "47333462_57353.737", "camera_pose": [[0.03483878821134567, 0.9992606043815613, -0.016263220459222794, 0.13762499392032623], [0.9943416118621826, -0.0362921804189682, -0.0998377725481987, -0.12197799980640411], [-0.10035417973995209, -0.012692970223724842, -0.9948707818984985, 0.1046999990940094], [0.0, 0.0, 0.0, 1.0]], "camera_delta": [0.0, 0.0, 0.0, -1.514948722025622e-10, 1.6825891790972491e-09, -1.0187617416335115e-09], "nodes": [{"track_id": 2, "label": "teddy bear", "label_id": 77, "centroid": [0.10381828248500824, -0.08491791784763336, -0.5037568211555481], "size": [0.052048586308956146, 0.04287557303905487, 0.0041425228118896484], "bbox": [137.67440795898438, 63.943115234375, 172.12313842773438, 104.07759094238281], "score": 0.20811684429645538, "visible": 0, "missed": 13, "vel": [-6.64740800857544e-05, 0.0014147087931632996, -0.0019053816795349121]}, {"track_id": 3, "label": "suitcase", "label_id": 28, "centroid": [0.19356456398963928, 0.16392245888710022, -0.5530323386192322], "size": [0.2146393358707428, 0.021873071789741516, 0.005251884460449219], "bbox": [239.11111450195312, 35.0733642578125, 255.84671020507812, 189.10794067382812], "score": 0.2403690367937088, "visible": 1, "missed": 0, "vel": [-0.13819363713264465, -0.007962003350257874, 0.050610899925231934]}, {"track_id": 4, "label": "tv", "label_id": 62, "centroid": [0.19378946721553802, 0.16498997807502747, -0.5560375452041626], "size": [0.221394345164299, 0.02166616916656494, 0.00655519962310791], "bbox": [238.75888061523438, 34.26750564575195, 255.84326171875, 190.18014526367188], "score": 0.22194348275661469, "visible": 0, "missed": 1, "vel": [-0.00017927587032318115, -0.0005966871976852417, 0.0013876557350158691]}, {"track_id": 5, "label": "book", "label_id": 73, "centroid": [0.17523440718650818, -0.1467786431312561, -0.5178922414779663], "size": [0.14683911204338074, 0.10911667346954346, 0.015635132789611816], "bbox": [101.21501159667969, 56.6718635559082, 179.6520233154297, 162.61557006835938], "score": 0.19192859530448914, "visible": 0, "missed": 2, "vel": [0.0, 0.0, 0.0]}], "edges": [{"src": 2, "dst": 3, "type": "near", "score": 0.8206133842468262}, {"src": 3, "dst": 2, "type": "near", "score": 0.8206133842468262}, {"src": 3, "dst": 4, "type": "near", "score": 0.9978685975074768}, {"src": 4, "dst": 3, "type": "near", "score": 0.9978685975074768}, {"src": 3, "dst": 5, "type": "near", "score": 0.7911874651908875}, {"src": 5, "dst": 3, "type": "near", "score": 0.7911874651908875}]}
{"sequence_id": "arkit_47333462", "frame_idx": 23, "frame_stem": "47333462_57353.804", "camera_pose": [[0.03483878821134567, 0.9992606043815613, -0.016263220459222794, 0.13762499392032623], [0.9943416118621826, -0.0362921804189682, -0.0998377725481987, -0.12197799980640411], [-0.10035417973995209, -0.012692970223724842, -0.9948707818984985, 0.1046999990940094], [0.0, 0.0, 0.0, 1.0]], "camera_delta": [0.0, 0.0, 0.0, -1.514948722025622e-10, 1.6825891790972491e-09, -1.0187617416335115e-09], "nodes": [{"track_id": 2, "label": "teddy bear", "label_id": 77, "centroid": [0.10375180840492249, -0.08350320905447006, -0.505662202835083], "size": [0.052048586308956146, 0.04287557303905487, 0.0041425228118896484], "bbox": [137.67440795898438, 63.943115234375, 172.12313842773438, 104.07759094238281], "score": 0.20811684429645538, "visible": 0, "missed": 14, "vel": [-6.64740800857544e-05, 0.0014147087931632996, -0.0019053816795349121]}, {"track_id": 3, "label": "suitcase", "label_id": 28, "centroid": [0.05537092685699463, 0.15596045553684235, -0.5024214386940002], "size": [0.2146393358707428, 0.021873071789741516, 0.005251884460449219], "bbox": [239.11111450195312, 35.0733642578125, 255.84671020507812, 189.10794067382812], "score": 0.2403690367937088, "visible": 0, "missed": 1, "vel": [-0.13819363713264465, -0.007962003350257874, 0.050610899925231934]}, {"track_id": 4, "label": "tv", "label_id": 62, "centroid": [0.192114919424057, 0.16380587220191956, -0.5528254508972168], "size": [0.21178379654884338, 0.021193087100982666, 0.005948364734649658], "bbox": [239.00131225585938, 35.79179000854492, 255.84457397460938, 186.830078125], "score": 0.26877889037132263, "visible": 1, "missed": 0, "vel": [-0.001674547791481018, -0.0011841058731079102, 0.0032120943069458008]}, {"track_id": 5, "label": "book", "label_id": 73, "centroid": [0.17523440718650818, -0.1467786431312561, -0.5178922414779663], "size": [0.14683911204338074, 0.10911667346954346, 0.015635132789611816], "bbox": [101.21501159667969, 56.6718635559082, 179.6520233154297, 162.61557006835938], "score": 0.19192859530448914, "visible": 0, "missed": 3, "vel": [0.0, 0.0, 0.0]}], "edges": [{"src": 2, "dst": 4, "type": "near", "score": 0.8221184015274048}, {"src": 4, "dst": 2, "type": "near", "score": 0.8221184015274048}, {"src": 3, "dst": 4, "type": "near", "score": 0.9027008414268494}, {"src": 4, "dst": 3, "type": "near", "score": 0.9027008414268494}, {"src": 4, "dst": 5, "type": "near", "score": 0.7913343906402588}, {"src": 5, "dst": 4, "type": "near", "score": 0.7913343906402588}]}
