{"sequence_id": "arkit_47333462", "frame_idx": 0, "frame_stem": "47333462_57352.271", "camera_pose": [[0.03483878821134567, 0.9992606043815613, -0.016263220459222794, 0.13762499392032623], [0.9943416118621826, -0.0362921804189682, -0.0998377725481987, -0.12197799980640411], [-0.10035417973995209, -0.012692970223724842, -0.9948707818984985, 0.1046999990940094], [0.0, 0.0, 0.0, 1.0]], "camera_delta": [0.0, 0.0, 0.0, 0.0, 0.0, 0.0], "nodes": [], "edges": []}
{"sequence_id": "arkit_47333462", "frame_idx": 1, "frame_stem": "47333462_57352.338", "camera_pose": [[0.03483878821134567, 0.9992606043815613, -0.016263220459222794, 0.13762499392032623], [0.9943416118621826, -0.0362921804189682, -0.0998377725481987, -0.12197799980640411], [-0.10035417973995209, -0.012692970223724842, -0.9948707818984985, 0.1046999990940094], [0.0, 0.0, 0.0, 1.0]], "camera_delta": [0.0, 0.0, 0.0, -1.514948722025622e-10, 1.6825891790972491e-09, -1.0187617416335115e-09], "nodes": [], "edges": []}
{"sequence_id": "arkit_47333462", "frame_idx": 2, "frame_stem": "47333462_57352.405", "camera_pose": [[0.03483878821134567, 0.9992606043815613, -0.016263220459222794, 0.13762499392032623], [0.9943416118621826, -0.0362921804189682, -0.0998377725481987, -0.12197799980640411], [-0.10035417973995209, -0.012692970223724842, -0.9948707818984985, 0.1046999990940094], [0.0, 0.0, 0.0, 1.0]], "camera_delta": [0.0, 0.0, 0.0, -1.514948722025622e-10, 1.6825891790972491e-09, -1.0187617416335115e-09], "nodes": [], "edges": []}
{"sequence_id": "arkit_47333462", "frame_idx": 3, "frame_stem": "47333462_57352.471", "camera_pose": [[0.03483878821134567, 0.9992606043815613, -0.016263220459222794, 0.13762499392032623], [0.9943416118621826, -0.0362921804189682, -0.0998377725481987, -0.12197799980640411], [-0.10035417973995209, -0.012692970223724842, -0.9948707818984985, 0.1046999990940094], [0.0, 0.0, 0.0, 1.0]], "camera_delta": [0.0, 0.0, 0.0, -1.514948722025622e-10, 1.6825891790972491e-09, -1.0187617416335115e-09], "nodes": [], "edges": []}
{"sequence_id": "arkit_47333462", "frame_idx": 4, "frame_stem": "47333462_57352.538", "camera_pose": [[0.03483878821134567, 0.9992606043815613, -0.016263220459222794, 0.13762499392032623], [0.9943416118621826, -0.0362921804189682, -0.0998377725481987, -0.12197799980640411], [-0.10035417973995209, -0.012692970223724842, -0.9948707818984985, 0.1046999990940094], [0.0, 0.0, 0.0, 1.0]], "camera_delta": [0.0, 0.0, 0.0, -1.514948722025622e-10, 1.6825891790972491e-09, -1.0187617416335115e-09], "nodes": [], "edges": []}
{"sequence_id": "arkit_47333462", "frame_idx": 5, "frame_stem": "47333462_57352.605", "camera_pose": [[0.03483878821134567, 0.9992606043815613, -0.016263220459222794, 0.13762499392032623], [0.9943416118621826, -0.0362921804189682, -0.0998377725481987, -0.12197799980640411], [-0.10035417973995209, -0.012692970223724842, -0.9948707818984985, 0.1046999990940094], [0.0, 0.0, 0.0, 1.0]], "camera_delta": [0.0, 0.0, 0.0, -1.514948722025622e-10, 1.6825891790972491e-09, -1.0187617416335115e-09], "nodes": [], "edges": []}
{"sequence_id": "arkit_47333462", "frame_idx": 6, "frame_stem": "47333462_57352.671", "camera_pose": [[0.03483878821134567, 0.9992606043815613, -0.016263220459222794, 0.13762499392032623], [0.9943416118621826, -0.0362921804189682, -0.0998377725481987, -0.12197799980640411], [-0.10035417973995209, -0.012692970223724842, -0.9948707818984985, 0.1046999990940094], [0.0, 0.0, 0.0, 1.0]], "camera_delta": [0.0, 0.0, 0.0, -1.514948722025622e-10, 1.6825891790972491e-09, -1.0187617416335115e-09], "nodes": [], "edges": []}
{"sequence_id": "arkit_47333462", "frame_idx": 7, "frame_stem": "47333462_57352.738", "camera_pose": [[0.03483878821134567, 0.9992606043815613, -0.016263220459222794, 0.13762499392032623], [0.9943416118621826, -0.0362921804189682, -0.0998377725481987, -0.12197799980640411], [-0.10035417973995209, -0.012692970223724842, -0.9948707818984985, 0.1046999990940094], [0.0, 0.0, 0.0, 1.0]], "camera_delta": [0.0, 0.0, 0.0, -1.514948722025622e-10, 1.6825891790972491e-09, -1.0187617416335115e-09], "nodes": [], "edges": []}
{"sequence_id": "arkit_47333462", "frame_idx": 8, "frame_stem": "47333462_57352.805", "camera_pose": [[0.03483878821134567, 0.9992606043815613, -0.016263220459222794, 0.13762499392032623], [0.9943416118621826, -0.0362921804189682, -0.0998377725481987, -0.12197799980640411], [-0.10035417973995209, -0.012692970223724842, -0.9948707818984985, 0.1046999990940094], [0.0, 0.0, 0.0, 1.0]], "camera_delta": [0.0, 0.0, 0.0, -1.514948722025622e-10, 1.6825891790972491e-09, -1.0187617416335115e-09], "nodes": [], "edges": []}
{"sequence_id": "arkit_47333462", "frame_idx": 9, "frame_stem": "47333462_57352.871", "camera_pose": [[0.03483878821134567, 0.9992606043815613, -0.016263220459222794, 0.13762499392032623], [0.9943416118621826, -0.0362921804189682, -0.0998377725481987, -0.12197799980640411], [-0.10035417973995209, -0.012692970223724842, -0.9948707818984985, 0.1046999990940094], [0.0, 0.0, 0.0, 1.0]], "camera_delta": [0.0, 0.0, 0.0, -1.514948722025622e-10, 1.6825891790972491e-09, -1.0187617416335115e-09], "nodes": [], "edges": []}
{"sequence_id": "arkit_47333462", "frame_idx": 10, "frame_stem": "47333462_57352.938", "camera_pose": [[0.03483878821134567, 0.9992606043815613, -0.016263220459222794, 0.13762499392032623], [0.9943416118621826, -0.0362921804189682, -0.0998377725481987, -0.12197799980640411], [-0.10035417973995209, -0.012692970223724842, -0.9948707818984985, 0.1046999990940094], [0.0, 0.0, 0.0, 1.0]], "camera_delta": [0.0, 0.0, 0.0, -1.514948722025622e-10, 1.6825891790972491e-09, -1.0187617416335115e-09], "nodes": [], "edges": []}
{"sequence_id": "arkit_47333462", "frame_idx": 11, "frame_stem": "47333462_57353.004", "camera_pose": [[0.03483878821134567, 0.9992606043815613, -0.016263220459222794, 0.13762499392032623], [0.9943416118621826, -0.0362921804189682, -0.0998377725481987, -0.12197799980640411], [-0.10035417973995209, -0.012692970223724842, -0.9948707818984985, 0.1046999990940094], [0.0, 0.0, 0.0, 1.0]], "camera_delta": [0.0, 0.0, 0.0, -1.514948722025622e-10, 1.6825891790972491e-09, -1.0187617416335115e-09], "nodes": [], "edges": []}
{"sequence_id": "arkit_47333462", "frame_idx": 12, "frame_stem": "47333462_57353.071", "camera_pose": [[0.03483878821134567, 0.9992606043815613, -0.016263220459222794, 0.13762499392032623], [0.9943416118621826, -0.0362921804189682, -0.0998377725481987, -0.12197799980640411], [-0.10035417973995209, -0.012692970223724842, -0.9948707818984985, 0.1046999990940094], [0.0, 0.0, 0.0, 1.0]], "camera_delta": [0.0, 0.0, 0.0, -1.514948722025622e-10, 1.6825891790972491e-09, -1.0187617416335115e-09], "nodes": [], "edges": []}
{"sequence_id": "arkit_47333462", "frame_idx": 13, "frame_stem": "47333462_57353.138", "camera_pose": [[0.03483878821134567, 0.9992606043815613, -0.016263220459222794, 0.13762499392032623], [0.9943416118621826, -0.0362921804189682, -0.0998377725481987, -0.12197799980640411], [-0.10035417973995209, -0.012692970223724842, -0.9948707818984985, 0.1046999990940094], [0.0, 0.0, 0.0, 1.0]], "camera_delta": [0.0, 0.0, 0.0, -1.514948722025622e-10, 1.6825891790972491e-09, -1.0187617416335115e-09], "nodes": [], "edges": []}
{"sequence_id": "arkit_47333462", "frame_idx": 14, "frame_stem": "47333462_57353.204", "camera_pose": [[0.03483878821134567, 0.9992606043815613, -0.016263220459222794, 0.13762499392032623], [0.9943416118621826, -0.0362921804189682, -0.0998377725481987, -0.12197799980640411], [-0.10035417973995209, -0.012692970223724842, -0.9948707818984985, 0.1046999990940094], [0.0, 0.0, 0.0, 1.0]], "camera_delta": [0.0, 0.0, 0.0, -1.514948722025622e-10, 1.6825891790972491e-09, -1.0187617416335115e-09], "nodes": [], "edges": []}
{"sequence_id": "arkit_47333462", "frame_idx": 15, "frame_stem": "47333462_57353.271", "camera_pose": [[0.03483878821134567, 0.9992606043815613, -0.016263220459222794, 0.13762499392032623], [0.9943416118621826, -0.0362921804189682, -0.0998377725481987, -0.12197799980640411], [-0.10035417973995209, -0.012692970223724842, -0.9948707818984985, 0.1046999990940094], [0.0, 0.0, 0.0, 1.0]], "camera_delta": [0.0, 0.0, 0.0, -1.514948722025622e-10, 1.6825891790972491e-09, -1.0187617416335115e-09], "nodes": [], "edges": []}
{"sequence_id": "arkit_47333462", "frame_idx": 16, "frame_stem": "47333462_57353.338", "camera_pose": [[0.03483878821134567, 0.9992606043815613, -0.016263220459222794, 0.13762499392032623], [0.9943416118621826, -0.0362921804189682, -0.0998377725481987, -0.12197799980640411], [-0.10035417973995209, -0.012692970223724842, -0.9948707818984985, 0.1046999990940094], [0.0, 0.0, 0.0, 1.0]], "camera_delta": [0.0, 0.0, 0.0, -1.514948722025622e-10, 1.6825891790972491e-09, -1.0187617416335115e-09], "nodes": [], "edges": []}
{"sequence_id": "arkit_47333462", "frame_idx": 17, "frame_stem": "47333462_57353.404", "camera_pose": [[0.03483878821134567, 0.9992606043815613, -0.016263220459222794, 0.13762499392032623], [0.9943416118621826, -0.0362921804189682, -0.0998377725481987, -0.12197799980640411], [-0.10035417973995209, -0.012692970223724842, -0.9948707818984985, 0.1046999990940094], [0.0, 0.0, 0.0, 1.0]], "camera_delta": [0.0, 0.0, 0.0, -1.514948722025622e-10, 1.6825891790972491e-09, -1.0187617416335115e-09], "nodes": [], "edges": []}
{"sequence_id": "arkit_47333462", "frame_idx": 18, "frame_stem": "47333462_57353.471", "camera_pose": [[0.03483878821134567, 0.9992606043815613, -0.016263220459222794, 0.13762499392032623], [0.9943416118621826, -0.0362921804189682, -0.0998377725481987, -0.12197799980640411], [-0.10035417973995209, -0.012692970223724842, -0.9948707818984985, 0.1046999990940094], [0.0, 0.0, 0.0, 1.0]], "camera_delta": [0.0, 0.0, 0.0, -1.514948722025622e-10, 1.6825891790972491e-09, -1.0187617416335115e-09], "nodes": [], "edges": []}
{"sequence_id": "arkit_47333462", "frame_idx": 19, "frame_stem": "47333462_57353.538", "camera_pose": [[0.03483878821134567, 0.9992606043815613, -0.016263220459222794, 0.13762499392032623], [0.9943416118621826, -0.0362921804189682, -0.0998377725481987, -0.12197799980640411], [-0.10035417973995209, -0.012692970223724842, -0.9948707818984985, 0.1046999990940094], [0.0, 0.0, 0.0, 1.0]], "camera_delta": [0.0, 0.0, 0.0, -1.514948722025622e-10, 1.6825891790972491e-09, -1.0187617416335115e-09], "nodes": [], "edges": []}
{"sequence_id": "arkit_47333462", "frame_idx": 20, "frame_stem": "47333462_57353.604", "camera_pose": [[0.03483878821134567, 0.9992606043815613, -0.016263220459222794, 0.13762499392032623], [0.9943416118621826, -0.0362921804189682, -0.0998377725481987, -0.12197799980640411], [-0.10035417973995209, -0.012692970223724842, -0.9948707818984985, 0.1046999990940094], [0.0, 0.0, 0.0, 1.0]], "camera_delta": [0.0, 0.0, 0.0, -1.514948722025622e-10, 1.6825891790972491e-09, -1.0187617416335115e-09], "nodes": [], "edges": []}
{"sequence_id": "arkit_47333462", "frame_idx": 21, "frame_stem": "47333462_57353.671", "camera_pose": [[0.03483878821134567, 0.9992606043815613, -0.016263220459222794, 0.13762499392032623], [0.9943416118621826, -0.0362921804189682, -0.0998377725481987, -0.12197799980640411], [-0.10035417973995209, -0.012692970223724842, -0.9948707818984985, 0.1046999990940094], [0.0, 0.0, 0.0, 1.0]], "camera_delta": [0.0, 0.0, 0.0, -1.514948722025622e-10, 1.6825891790972491e-09, -1.0187617416335115e-09], "nodes": [], "edges": []}
{"sequence_id": "arkit_47333462", "frame_idx": 22, "frame_stem": "47333462_57353.737", "camera_pose": [[0.03483878821134567, 0.9992606043815613, -0.016263220459222794, 0.13762499392032623], [0.9943416118621826, -0.0362921804189682, -0.0998377725481987, -0.12197799980640411], [-0.10035417973995209, -0.012692970223724842, -0.9948707818984985, 0.1046999990940094], [0.0, 0.0, 0.0, 1.0]], "camera_delta": [0.0, 0.0, 0.0, -1.514948722025622e-10, 1.6825891790972491e-09, -1.0187617416335115e-09], "nodes": [], "edges": []}
{"sequence_id": "arkit_47333462", "frame_idx": 23, "frame_stem": "47333462_57353.804", "camera_pose": [[0.03483878821134567, 0.9992606043815613, -0.016263220459222794, 0.13762499392032623], [0.9943416118621826, -0.0362921804189682, -0.0998377725481987, -0.12197799980640411], [-0.10035417973995209, -0.012692970223724842, -0.9948707818984985, 0.1046999990940094], [0.0, 0.0, 0.0, 1.0]], "camera_delta": [0.0, 0.0, 0.0, -1.514948722025622e-10, 1.6825891790972491e-09, -1.0187617416335115e-09], "nodes": [], "edges": []}
{"sequence_id": "arkit_47333462", "frame_idx": 24, "frame_stem": "47333462_57353.871", "camera_pose": [[0.03483878821134567, 0.9992606043815613, -0.016263220459222794, 0.13762499392032623], [0.9943416118621826, -0.0362921804189682, -0.0998377725481987, -0.12197799980640411], [-0.10035417973995209, -0.012692970223724842, -0.9948707818984985, 0.1046999990940094], [0.0, 0.0, 0.0, 1.0]], "camera_delta": [0.0, 0.0, 0.0, -1.514948722025622e-10, 1.6825891790972491e-09, -1.0187617416335115e-09], "nodes": [], "edges": []}
{"sequence_id": "arkit_47333462", "frame_idx": 25, "frame_stem": "47333462_57353.937", "camera_pose": [[0.03483878821134567, 0.9992606043815613, -0.016263220459222794, 0.13762499392032623], [0.9943416118621826, -0.0362921804189682, -0.0998377725481987, -0.12197799980640411], [-0.10035417973995209, -0.012692970223724842, -0.9948707818984985, 0.1046999990940094], [0.0, 0.0, 0.0, 1.0]], "camera_delta": [0.0, 0.0, 0.0, -1.514948722025622e-10, 1.6825891790972491e-09, -1.0187617416335115e-09], "nodes": [], "edges": []}
{"sequence_id": "arkit_47333462", "frame_idx": 26, "frame_stem": "47333462_57354.004", "camera_pose": [[0.03483878821134567, 0.9992606043815613, -0.016263220459222794, 0.13762499392032623], [0.9943416118621826, -0.0362921804189682, -0.0998377725481987, -0.12197799980640411], [-0.10035417973995209, -0.012692970223724842, -0.9948707818984985, 0.1046999990940094], [0.0, 0.0, 0.0, 1.0]], "camera_delta": [0.0, 0.0, 0.0, -1.514948722025622e-10, 1.6825891790972491e-09, -1.0187617416335115e-09], "nodes": [], "edges": []}
{"sequence_id": "arkit_47333462", "frame_idx": 27, "frame_stem": "47333462_57354.071", "camera_pose": [[0.03483878821134567, 0.9992606043815613, -0.016263220459222794, 0.13762499392032623], [0.9943416118621826, -0.0362921804189682, -0.0998377725481987, -0.12197799980640411], [-0.10035417973995209, -0.012692970223724842, -0.9948707818984985, 0.1046999990940094], [0.0, 0.0, 0.0, 1.0]], "camera_delta": [0.0, 0.0, 0.0, -1.514948722025622e-10, 1.6825891790972491e-09, -1.0187617416335115e-09], "nodes": [], "edges": []}
{"sequence_id": "arkit_47333462", "frame_idx": 28, "frame_stem": "47333462_57354.137", "camera_pose": [[0.03483878821134567, 0.9992606043815613, -0.016263220459222794, 0.13762499392032623], [0.9943416118621826, -0.0362921804189682, -0.0998377725481987, -0.12197799980640411], [-0.10035417973995209, -0.012692970223724842, -0.9948707818984985, 0.1046999990940094], [0.0, 0.0, 0.0, 1.0]], "camera_delta": [0.0, 0.0, 0.0, -1.514948722025622e-10, 1.6825891790972491e-09, -1.0187617416335115e-09], "nodes": [], "edges": []}
{"sequence_id": "arkit_47333462", "frame_idx": 29, "frame_stem": "47333462_57354.204", "camera_pose": [[0.03483878821134567, 0.9992606043815613, -0.016263220459222794, 0.13762499392032623], [0.9943416118621826, -0.0362921804189682, -0.0998377725481987, -0.12197799980640411], [-0.10035417973995209, -0.012692970223724842, -0.9948707818984985, 0.1046999990940094], [0.0, 0.0, 0.0, 1.0]], "camera_delta": [0.0, 0.0, 0.0, -1.514948722025622e-10, 1.6825891790972491e-09, -1.0187617416335115e-09], "nodes": [], "edges": []}
{"sequence_id": "arkit_47333462", "frame_idx": 30, "frame_stem": "47333462_57354.271", "camera_pose": [[0.03483878821134567, 0.9992606043815613, -0.016263220459222794, 0.13762499392032623], [0.9943416118621826, -0.0362921804189682, -0.0998377725481987, -0.12197799980640411], [-0.10035417973995209, -0.012692970223724842, -0.9948707818984985, 0.1046999990940094], [0.0, 0.0, 0.0, 1.0]], "camera_delta": [0.0, 0.0, 0.0, -1.514948722025622e-10, 1.6825891790972491e-09, -1.0187617416335115e-09], "nodes": [], "edges": []}
{"sequence_id": "arkit_47333462", "frame_idx": 31, "frame_stem": "47333462_57354.337", "camera_pose": [[0.03483878821134567, 0.9992606043815613, -0.016263220459222794, 0.13762499392032623], [0.9943416118621826, -0.0362921804189682, -0.0998377725481987, -0.12197799980640411], [-0.10035417973995209, -0.012692970223724842, -0.9948707818984985, 0.1046999990940094], [0.0, 0.0, 0.0, 1.0]], "camera_delta": [0.0, 0.0, 0.0, -1.514948722025622e-10, 1.6825891790972491e-09, -1.0187617416335115e-09], "nodes": [], "edges": []}
{"sequence_id": "arkit_47333462", "frame_idx": 32, "frame_stem": "47333462_57354.404", "camera_pose": [[0.03483878821134567, 0.9992606043815613, -0.016263220459222794, 0.13762499392032623], [0.9943416118621826, -0.0362921804189682, -0.0998377725481987, -0.12197799980640411], [-0.10035417973995209, -0.012692970223724842, -0.9948707818984985, 0.1046999990940094], [0.0, 0.0, 0.0, 1.0]], "camera_delta": [0.0, 0.0, 0.0, -1.514948722025622e-10, 1.6825891790972491e-09, -1.0187617416335115e-09], "nodes": [], "edges": []}
{"sequence_id": "arkit_47333462", "frame_idx": 33, "frame_stem": "47333462_57354.471", "camera_pose": [[0.03483878821134567, 0.9992606043815613, -0.016263220459222794, 0.13762499392032623], [0.9943416118621826, -0.0362921804189682, -0.0998377725481987, -0.12197799980640411], [-0.10035417973995209, -0.012692970223724842, -0.9948707818984985, 0.1046999990940094], [0.0, 0.0, 0.0, 1.0]], "camera_delta": [0.0, 0.0, 0.0, -1.514948722025622e-10, 1.6825891790972491e-09, -1.0187617416335115e-09], "nodes": [], "edges": []}
{"sequence_id": "arkit_47333462", "frame_idx": 34, "frame_stem": "47333462_57354.537", "camera_pose": [[0.03483878821134567, 0.9992606043815613, -0.016263220459222794, 0.13762499392032623], [0.9943416118621826, -0.0362921804189682, -0.0998377725481987, -0.12197799980640411], [-0.10035417973995209, -0.012692970223724842, -0.9948707818984985, 0.1046999990940094], [0.0, 0.0, 0.0, 1.0]], "camera_delta": [0.0, 0.0, 0.0, -1.514948722025622e-10, 1.6825891790972491e-09, -1.0187617416335115e-09], "nodes": [], "edges": []}
{"sequence_id": "arkit_47333462", "frame_idx": 35, "frame_stem": "47333462_57354.604", "camera_pose": [[0.03483878821134567, 0.9992606043815613, -0.016263220459222794, 0.13762499392032623], [0.9943416118621826, -0.0362921804189682, -0.0998377725481987, -0.12197799980640411], [-0.10035417973995209, -0.012692970223724842, -0.9948707818984985, 0.1046999990940094], [0.0, 0.0, 0.0, 1.0]], "camera_delta": [0.0, 0.0, 0.0, -1.514948722025622e-10, 1.6825891790972491e-09, -1.0187617416335115e-09], "nodes": [], "edges": []}
{"sequence_id": "arkit_47333462", "frame_idx": 36, "frame_stem": "47333462_57354.670", "camera_pose": [[0.03483878821134567, 0.9992606043815613, -0.016263220459222794, 0.13762499392032623], [0.9943416118621826, -0.0362921804189682, -0.0998377725481987, -0.12197799980640411], [-0.10035417973995209, -0.012692970223724842, -0.9948707818984985, 0.1046999990940094], [0.0, 0.0, 0.0, 1.0]], "camera_delta": [0.0, 0.0, 0.0, -1.514948722025622e-10, 1.6825891790972491e-09, -1.0187617416335115e-09], "nodes": [], "edges": []}
{"sequence_id": "arkit_47333462", "frame_idx": 37, "frame_stem": "47333462_57354.737", "camera_pose": [[0.03483878821134567, 0.9992606043815613, -0.016263220459222794, 0.13762499392032623], [0.9943416118621826, -0.0362921804189682, -0.0998377725481987, -0.12197799980640411], [-0.10035417973995209, -0.012692970223724842, -0.9948707818984985, 0.1046999990940094], [0.0, 0.0, 0.0, 1.0]], "camera_delta": [0.0, 0.0, 0.0, -1.514948722025622e-10, 1.6825891790972491e-09, -1.0187617416335115e-09], "nodes": [], "edges": []}
{"sequence_id": "arkit_47333462", "frame_idx": 38, "frame_stem": "47333462_57354.804", "camera_pose": [[0.03483878821134567, 0.9992606043815613, -0.016263220459222794, 0.13762499392032623], [0.9943416118621826, -0.0362921804189682, -0.0998377725481987, -0.12197799980640411], [-0.10035417973995209, -0.012692970223724842, -0.9948707818984985, 0.1046999990940094], [0.0, 0.0, 0.0, 1.0]], "camera_delta": [0.0, 0.0, 0.0, -1.514948722025622e-10, 1.6825891790972491e-09, -1.0187617416335115e-09], "nodes": [], "edges": []}
{"sequence_id": "arkit_47333462", "frame_idx": 39, "frame_stem": "47333462_57354.870", "camera_pose": [[0.03483878821134567, 0.9992606043815613, -0.016263220459222794, 0.13762499392032623], [0.9943416118621826, -0.0362921804189682, -0.0998377725481987, -0.12197799980640411], [-0.10035417973995209, -0.012692970223724842, -0.9948707818984985, 0.1046999990940094], [0.0, 0.0, 0.0, 1.0]], "camera_delta": [0.0, 0.0, 0.0, -1.514948722025622e-10, 1.6825891790972491e-09, -1.0187617416335115e-09], "nodes": [], "edges": []}
{"sequence_id": "arkit_47333462", "frame_idx": 40, "frame_stem": "47333462_57354.937", "camera_pose": [[0.03483878821134567, 0.9992606043815613, -0.016263220459222794, 0.13762499392032623], [0.9943416118621826, -0.0362921804189682, -0.0998377725481987, -0.12197799980640411], [-0.10035417973995209, -0.012692970223724842, -0.9948707818984985, 0.1046999990940094], [0.0, 0.0, 0.0, 1.0]], "camera_delta": [0.0, 0.0, 0.0, -1.514948722025622e-10, 1.6825891790972491e-09, -1.0187617416335115e-09], "nodes": [], "edges": []}
{"sequence_id": "arkit_47333462", "frame_idx": 41, "frame_stem": "47333462_57355.004", "camera_pose": [[0.03483878821134567, 0.9992606043815613, -0.016263220459222794, 0.13762499392032623], [0.9943416118621826, -0.0362921804189682, -0.0998377725481987, -0.12197799980640411], [-0.10035417973995209, -0.012692970223724842, -0.9948707818984985, 0.1046999990940094], [0.0, 0.0, 0.0, 1.0]], "camera_delta": [0.0, 0.0, 0.0, -1.514948722025622e-10, 1.6825891790972491e-09, -1.0187617416335115e-09], "nodes": [], "edges": []}
{"sequence_id": "arkit_47333462", "frame_idx": 42, "frame_stem": "47333462_57355.070", "camera_pose": [[0.03483878821134567, 0.9992606043815613, -0.016263220459222794, 0.13762499392032623], [0.9943416118621826, -0.0362921804189682, -0.0998377725481987, -0.12197799980640411], [-0.10035417973995209, -0.012692970223724842, -0.9948707818984985, 0.1046999990940094], [0.0, 0.0, 0.0, 1.0]], "camera_delta": [0.0, 0.0, 0.0, -1.514948722025622e-10, 1.6825891790972491e-09, -1.0187617416335115e-09], "nodes": [], "edges": []}
{"sequence_id": "arkit_47333462", "frame_idx": 43, "frame_stem": "47333462_57355.137", "camera_pose": [[0.03483878821134567, 0.9992606043815613, -0.016263220459222794, 0.13762499392032623], [0.9943416118621826, -0.0362921804189682, -0.0998377725481987, -0.12197799980640411], [-0.10035417973995209, -0.012692970223724842, -0.9948707818984985, 0.1046999990940094], [0.0, 0.0, 0.0, 1.0]], "camera_delta": [0.0, 0.0, 0.0, -1.514948722025622e-10, 1.6825891790972491e-09, -1.0187617416335115e-09], "nodes": [], "edges": []}
{"sequence_id": "arkit_47333462", "frame_idx": 44, "frame_stem": "47333462_57355.204", "camera_pose": [[0.03483878821134567, 0.9992606043815613, -0.016263220459222794, 0.13762499392032623], [0.9943416118621826, -0.0362921804189682, -0.0998377725481987, -0.12197799980640411], [-0.10035417973995209, -0.012692970223724842, -0.9948707818984985, 0.1046999990940094], [0.0, 0.0, 0.0, 1.0]], "camera_delta": [0.0, 0.0, 0.0, -1.514948722025622e-10, 1.6825891790972491e-09, -1.0187617416335115e-09], "nodes": [], "edges": []}
{"sequence_id": "arkit_47333462", "frame_idx": 45, "frame_stem": "47333462_57355.270", "camera_pose": [[0.03483878821134567, 0.9992606043815613, -0.016263220459222794, 0.13762499392032623], [0.9943416118621826, -0.0362921804189682, -0.0998377725481987, -0.12197799980640411], [-0.10035417973995209, -0.012692970223724842, -0.9948707818984985, 0.1046999990940094], [0.0, 0.0, 0.0, 1.0]], "camera_delta": [0.0, 0.0, 0.0, -1.514948722025622e-10, 1.6825891790972491e-09, -1.0187617416335115e-09], "nodes": [], "edges": []}
{"sequence_id": "arkit_47333462", "frame_idx": 46, "frame_stem": "47333462_57355.337", "camera_pose": [[0.03483878821134567, 0.9992606043815613, -0.016263220459222794, 0.13762499392032623], [0.9943416118621826, -0.0362921804189682, -0.0998377725481987, -0.12197799980640411], [-0.10035417973995209, -0.012692970223724842, -0.9948707818984985, 0.1046999990940094], [0.0, 0.0, 0.0, 1.0]], "camera_delta": [0.0, 0.0, 0.0, -1.514948722025622e-10, 1.6825891790972491e-09, -1.0187617416335115e-09], "nodes": [], "edges": []}
{"sequence_id": "arkit_47333462", "frame_idx": 47, "frame_stem": "47333462_57355.403", "camera_pose": [[0.03483878821134567, 0.9992606043815613, -0.016263220459222794, 0.13762499392032623], [0.9943416118621826, -0.0362921804189682, -0.0998377725481987, -0.12197799980640411], [-0.10035417973995209, -0.012692970223724842, -0.9948707818984985, 0.1046999990940094], [0.0, 0.0, 0.0, 1.0]], "camera_delta": [0.0, 0.0, 0.0, -1.514948722025622e-10, 1.6825891790972491e-09, -1.0187617416335115e-09], "nodes": [], "edges": []}
{"sequence_id": "arkit_47333462", "frame_idx": 48, "frame_stem": "47333462_57355.470", "camera_pose": [[0.03483878821134567, 0.9992606043815613, -0.016263220459222794, 0.13762499392032623], [0.9943416118621826, -0.0362921804189682, -0.0998377725481987, -0.12197799980640411], [-0.10035417973995209, -0.012692970223724842, -0.9948707818984985, 0.1046999990940094], [0.0, 0.0, 0.0, 1.0]], "camera_delta": [0.0, 0.0, 0.0, -1.514948722025622e-10, 1.6825891790972491e-09, -1.0187617416335115e-09], "nodes": [], "edges": []}
{"sequence_id": "arkit_47333462", "frame_idx": 49, "frame_stem": "47333462_57355.537", "camera_pose": [[0.03483878821134567, 0.9992606043815613, -0.016263220459222794, 0.13762499392032623], [0.9943416118621826, -0.0362921804189682, -0.0998377725481987, -0.12197799980640411], [-0.10035417973995209, -0.012692970223724842, -0.9948707818984985, 0.1046999990940094], [0.0, 0.0, 0.0, 1.0]], "camera_delta": [0.0, 0.0, 0.0, -1.514948722025622e-10, 1.6825891790972491e-09, -1.0187617416335115e-09], "nodes": [], "edges": []}
{"sequence_id": "arkit_47333462", "frame_idx": 50, "frame_stem": "47333462_57355.603", "camera_pose": [[0.03483878821134567, 0.9992606043815613, -0.016263220459222794, 0.13762499392032623], [0.9943416118621826, -0.0362921804189682, -0.0998377725481987, -0.12197799980640411], [-0.10035417973995209, -0.012692970223724842, -0.9948707818984985, 0.1046999990940094], [0.0, 0.0, 0.0, 1.0]], "camera_delta": [0.0, 0.0, 0.0, -1.514948722025622e-10, 1.6825891790972491e-09, -1.0187617416335115e-09], "nodes": [], "edges": []}
{"sequence_id": "arkit_47333462", "frame_idx": 51, "frame_stem": "47333462_57355.670", "camera_pose": [[0.03483878821134567, 0.9992606043815613, -0.016263220459222794, 0.13762499392032623], [0.9943416118621826, -0.0362921804189682, -0.0998377725481987, -0.12197799980640411], [-0.10035417973995209, -0.012692970223724842, -0.9948707818984985, 0.1046999990940094], [0.0, 0.0, 0.0, 1.0]], "camera_delta": [0.0, 0.0, 0.0, -1.514948722025622e-10, 1.6825891790972491e-09, -1.0187617416335115e-09], "nodes": [], "edges": []}
{"sequence_id": "arkit_47333462", "frame_idx": 52, "frame_stem": "47333462_57355.737", "camera_pose": [[0.03483878821134567, 0.9992606043815613, -0.016263220459222794, 0.13762499392032623], [0.9943416118621826, -0.0362921804189682, -0.0998377725481987, -0.12197799980640411], [-0.10035417973995209, -0.012692970223724842, -0.9948707818984985, 0.1046999990940094], [0.0, 0.0, 0.0, 1.0]], "camera_delta": [0.0, 0.0, 0.0, -1.514948722025622e-10, 1.6825891790972491e-09, -1.0187617416335115e-09], "nodes": [], "edges": []}
{"sequence_id": "arkit_47333462", "frame_idx": 53, "frame_stem": "47333462_57355.803", "camera_pose": [[0.03483878821134567, 0.9992606043815613, -0.016263220459222794, 0.13762499392032623], [0.9943416118621826, -0.0362921804189682, -0.0998377725481987, -0.12197799980640411], [-0.10035417973995209, -0.012692970223724842, -0.9948707818984985, 0.1046999990940094], [0.0, 0.0, 0.0, 1.0]], "camera_delta": [0.0, 0.0, 0.0, -1.514948722025622e-10, 1.6825891790972491e-09, -1.0187617416335115e-09], "nodes": [], "edges": []}
{"sequence_id": "arkit_47333462", "frame_idx": 54, "frame_stem": "47333462_57355.870", "camera_pose": [[0.03483878821134567, 0.9992606043815613, -0.016263220459222794, 0.13762499392032623], [0.9943416118621826, -0.0362921804189682, -0.0998377725481987, -0.12197799980640411], [-0.10035417973995209, -0.012692970223724842, -0.9948707818984985, 0.1046999990940094], [0.0, 0.0, 0.0, 1.0]], "camera_delta": [0.0, 0.0, 0.0, -1.514948722025622e-10, 1.6825891790972491e-09, -1.0187617416335115e-09], "nodes": [], "edges": []}
{"sequence_id": "arkit_47333462", "frame_idx": 55, "frame_stem": "47333462_57355.937", "camera_pose": [[0.03483878821134567, 0.9992606043815613, -0.016263220459222794, 0.13762499392032623], [0.9943416118621826, -0.0362921804189682, -0.0998377725481987, -0.12197799980640411], [-0.10035417973995209, -0.012692970223724842, -0.9948707818984985, 0.1046999990940094], [0.0, 0.0, 0.0, 1.0]], "camera_delta": [0.0, 0.0, 0.0, -1.514948722025622e-10, 1.6825891790972491e-09, -1.0187617416335115e-09], "nodes": [], "edges": []}
{"sequence_id": "arkit_47333462", "frame_idx": 56, "frame_stem": "47333462_57356.003", "camera_pose": [[0.03483878821134567, 0.9992606043815613, -0.016263220459222794, 0.13762499392032623], [0.9943416118621826, -0.0362921804189682, -0.0998377725481987, -0.12197799980640411], [-0.10035417973995209, -0.012692970223724842, -0.9948707818984985, 0.1046999990940094], [0.0, 0.0, 0.0, 1.0]], "camera_delta": [0.0, 0.0, 0.0, -1.514948722025622e-10, 1.6825891790972491e-09, -1.0187617416335115e-09], "nodes": [], "edges": []}
{"sequence_id": "arkit_47333462", "frame_idx": 57, "frame_stem": "47333462_57356.070", "camera_pose": [[0.03483878821134567, 0.9992606043815613, -0.016263220459222794, 0.13762499392032623], [0.9943416118621826, -0.0362921804189682, -0.0998377725481987, -0.12197799980640411], [-0.10035417973995209, -0.012692970223724842, -0.9948707818984985, 0.1046999990940094], [0.0, 0.0, 0.0, 1.0]], "camera_delta": [0.0, 0.0, 0.0, -1.514948722025622e-10, 1.6825891790972491e-09, -1.0187617416335115e-09], "nodes": [], "edges": []}
{"sequence_id": "arkit_47333462", "frame_idx": 58, "frame_stem": "47333462_57356.136", "camera_pose": [[0.03483878821134567, 0.9992606043815613, -0.016263220459222794, 0.13762499392032623], [0.9943416118621826, -0.0362921804189682, -0.0998377725481987, -0.12197799980640411], [-0.10035417973995209, -0.012692970223724842, -0.9948707818984985, 0.1046999990940094], [0.0, 0.0, 0.0, 1.0]], "camera_delta": [0.0, 0.0, 0.0, -1.514948722025622e-10, 1.6825891790972491e-09, -1.0187617416335115e-09], "nodes": [], "edges": []}
{"sequence_id": "arkit_47333462", "frame_idx": 59, "frame_stem": "47333462_57356.203", "camera_pose": [[0.03483878821134567, 0.9992606043815613, -0.016263220459222794, 0.13762499392032623], [0.9943416118621826, -0.0362921804189682, -0.0998377725481987, -0.12197799980640411], [-0.10035417973995209, -0.012692970223724842, -0.9948707818984985, 0.1046999990940094], [0.0, 0.0, 0.0, 1.0]], "camera_delta": [0.0, 0.0, 0.0, -1.514948722025622e-10, 1.6825891790972491e-09, -1.0187617416335115e-09], "nodes": [], "edges": []}
{"sequence_id": "arkit_47333462", "frame_idx": 60, "frame_stem": "47333462_57356.270", "camera_pose": [[0.03483878821134567, 0.9992606043815613, -0.016263220459222794, 0.13762499392032623], [0.9943416118621826, -0.0362921804189682, -0.0998377725481987, -0.12197799980640411], [-0.10035417973995209, -0.012692970223724842, -0.9948707818984985, 0.1046999990940094], [0.0, 0.0, 0.0, 1.0]], "camera_delta": [0.0, 0.0, 0.0, -1.514948722025622e-10, 1.6825891790972491e-09, -1.0187617416335115e-09], "nodes": [], "edges": []}
{"sequence_id": "arkit_47333462", "frame_idx": 61, "frame_stem": "47333462_57356.336", "camera_pose": [[0.03483878821134567, 0.9992606043815613, -0.016263220459222794, 0.13762499392032623], [0.9943416118621826, -0.0362921804189682, -0.0998377725481987, -0.12197799980640411], [-0.10035417973995209, -0.012692970223724842, -0.9948707818984985, 0.1046999990940094], [0.0, 0.0, 0.0, 1.0]], "camera_delta": [0.0, 0.0, 0.0, -1.514948722025622e-10, 1.6825891790972491e-09, -1.0187617416335115e-09], "nodes": [], "edges": []}
{"sequence_id": "arkit_47333462", "frame_idx": 62, "frame_stem": "47333462_57356.403", "camera_pose": [[0.03483878821134567, 0.9992606043815613, -0.016263220459222794, 0.13762499392032623], [0.9943416118621826, -0.0362921804189682, -0.0998377725481987, -0.12197799980640411], [-0.10035417973995209, -0.012692970223724842, -0.9948707818984985, 0.1046999990940094], [0.0, 0.0, 0.0, 1.0]], "camera_delta": [0.0, 0.0, 0.0, -1.514948722025622e-10, 1.6825891790972491e-09, -1.0187617416335115e-09], "nodes": [], "edges": []}
{"sequence_id": "arkit_47333462", "frame_idx": 63, "frame_stem": "47333462_57356.470", "camera_pose": [[0.03483878821134567, 0.9992606043815613, -0.016263220459222794, 0.13762499392032623], [0.9943416118621826, -0.0362921804189682, -0.0998377725481987, -0.12197799980640411], [-0.10035417973995209, -0.012692970223724842, -0.9948707818984985, 0.1046999990940094], [0.0, 0.0, 0.0, 1.0]], "camera_delta": [0.0, 0.0, 0.0, -1.514948722025622e-10, 1.6825891790972491e-09, -1.0187617416335115e-09], "nodes": [], "edges": []}
{"sequence_id": "arkit_47333462", "frame_idx": 64, "frame_stem": "47333462_57356.536", "camera_pose": [[0.03483878821134567, 0.9992606043815613, -0.016263220459222794, 0.13762499392032623], [0.9943416118621826, -0.0362921804189682, -0.0998377725481987, -0.12197799980640411], [-0.10035417973995209, -0.012692970223724842, -0.9948707818984985, 0.1046999990940094], [0.0, 0.0, 0.0, 1.0]], "camera_delta": [0.0, 0.0, 0.0, -1.514948722025622e-10, 1.6825891790972491e-09, -1.0187617416335115e-09], "nodes": [], "edges": []}
{"sequence_id": "arkit_47333462", "frame_idx": 65, "frame_stem": "47333462_57356.603", "camera_pose": [[0.03483878821134567, 0.9992606043815613, -0.016263220459222794, 0.13762499392032623], [0.9943416118621826, -0.0362921804189682, -0.0998377725481987, -0.12197799980640411], [-0.10035417973995209, -0.012692970223724842, -0.9948707818984985, 0.1046999990940094], [0.0, 0.0, 0.0, 1.0]], "camera_delta": [0.0, 0.0, 0.0, -1.514948722025622e-10, 1.6825891790972491e-09, -1.0187617416335115e-09], "nodes": [], "edges": []}
{"sequence_id": "arkit_47333462", "frame_idx": 66, "frame_stem": "47333462_57356.670", "camera_pose": [[0.03483878821134567, 0.9992606043815613, -0.016263220459222794, 0.13762499392032623], [0.9943416118621826, -0.0362921804189682, -0.0998377725481987, -0.12197799980640411], [-0.10035417973995209, -0.012692970223724842, -0.9948707818984985, 0.1046999990940094], [0.0, 0.0, 0.0, 1.0]], "camera_delta": [0.0, 0.0, 0.0, -1.514948722025622e-10, 1.6825891790972491e-09, -1.0187617416335115e-09], "nodes": [], "edges": []}
{"sequence_id": "arkit_47333462", "frame_idx": 67, "frame_stem": "47333462_57356.736", "camera_pose": [[0.03483878821134567, 0.9992606043815613, -0.016263220459222794, 0.13762499392032623], [0.9943416118621826, -0.0362921804189682, -0.0998377725481987, -0.12197799980640411], [-0.10035417973995209, -0.012692970223724842, -0.9948707818984985, 0.1046999990940094], [0.0, 0.0, 0.0, 1.0]], "camera_delta": [0.0, 0.0, 0.0, -1.514948722025622e-10, 1.6825891790972491e-09, -1.0187617416335115e-09], "nodes": [], "edges": []}
{"sequence_id": "arkit_47333462", "frame_idx": 68, "frame_stem": "47333462_57356.803", "camera_pose": [[0.03483878821134567, 0.9992606043815613, -0.016263220459222794, 0.13762499392032623], [0.9943416118621826, -0.0362921804189682, -0.0998377725481987, -0.12197799980640411], [-0.10035417973995209, -0.012692970223724842, -0.9948707818984985, 0.1046999990940094], [0.0, 0.0, 0.0, 1.0]], "camera_delta": [0.0, 0.0, 0.0, -1.514948722025622e-10, 1.6825891790972491e-09, -1.0187617416335115e-09], "nodes": [], "edges": []}
{"sequence_id": "arkit_47333462", "frame_idx": 69, "frame_stem": "47333462_57356.870", "camera_pose": [[0.03483878821134567, 0.9992606043815613, -0.016263220459222794, 0.13762499392032623], [0.9943416118621826, -0.0362921804189682, -0.0998377725481987, -0.12197799980640411], [-0.10035417973995209, -0.012692970223724842, -0.9948707818984985, 0.1046999990940094], [0.0, 0.0, 0.0, 1.0]], "camera_delta": [0.0, 0.0, 0.0, -1.514948722025622e-10, 1.6825891790972491e-09, -1.0187617416335115e-09], "nodes": [], "edges": []}
{"sequence_id": "arkit_47333462", "frame_idx": 70, "frame_stem": "47333462_57356.936", "camera_pose": [[0.03483878821134567, 0.9992606043815613, -0.016263220459222794, 0.13762499392032623], [0.9943416118621826, -0.0362921804189682, -0.0998377725481987, -0.12197799980640411], [-0.10035417973995209, -0.012692970223724842, -0.9948707818984985, 0.1046999990940094], [0.0, 0.0, 0.0, 1.0]], "camera_delta": [0.0, 0.0, 0.0, -1.514948722025622e-10, 1.6825891790972491e-09, -1.0187617416335115e-09], "nodes": [], "edges": []}
{"sequence_id": "arkit_47333462", "frame_idx": 71, "frame_stem": "47333462_57357.003", "camera_pose": [[0.03483878821134567, 0.9992606043815613, -0.016263220459222794, 0.13762499392032623], [0.9943416118621826, -0.0362921804189682, -0.0998377725481987, -0.12197799980640411], [-0.10035417973995209, -0.012692970223724842, -0.9948707818984985, 0.1046999990940094], [0.0, 0.0, 0.0, 1.0]], "camera_delta": [0.0, 0.0, 0.0, -1.514948722025622e-10, 1.6825891790972491e-09, -1.0187617416335115e-09], "nodes": [], "edges": []}
{"sequence_id": "arkit_47333462", "frame_idx": 72, "frame_stem": "47333462_57357.069", "camera_pose": [[0.03483878821134567, 0.9992606043815613, -0.016263220459222794, 0.13762499392032623], [0.9943416118621826, -0.0362921804189682, -0.0998377725481987, -0.12197799980640411], [-0.10035417973995209, -0.012692970223724842, -0.9948707818984985, 0.1046999990940094], [0.0, 0.0, 0.0, 1.0]], "camera_delta": [0.0, 0.0, 0.0, -1.514948722025622e-10, 1.6825891790972491e-09, -1.0187617416335115e-09], "nodes": [], "edges": []}
{"sequence_id": "arkit_47333462", "frame_idx": 73, "frame_stem": "47333462_57357.136", "camera_pose": [[0.03483878821134567, 0.9992606043815613, -0.016263220459222794, 0.13762499392032623], [0.9943416118621826, -0.0362921804189682, -0.0998377725481987, -0.12197799980640411], [-0.10035417973995209, -0.012692970223724842, -0.9948707818984985, 0.1046999990940094], [0.0, 0.0, 0.0, 1.0]], "camera_delta": [0.0, 0.0, 0.0, -1.514948722025622e-10, 1.6825891790972491e-09, -1.0187617416335115e-09], "nodes": [], "edges": []}
{"sequence_id": "arkit_47333462", "frame_idx": 74, "frame_stem": "47333462_57357.203", "camera_pose": [[0.03483878821134567, 0.9992606043815613, -0.016263220459222794, 0.13762499392032623], [0.9943416118621826, -0.0362921804189682, -0.0998377725481987, -0.12197799980640411], [-0.10035417973995209, -0.012692970223724842, -0.9948707818984985, 0.1046999990940094], [0.0, 0.0, 0.0, 1.0]], "camera_delta": [0.0, 0.0, 0.0, -1.514948722025622e-10, 1.6825891790972491e-09, -1.0187617416335115e-09], "nodes": [], "edges": []}
{"sequence_id": "arkit_47333462", "frame_idx": 75, "frame_stem": "47333462_57357.269", "camera_pose": [[0.03483878821134567, 0.9992606043815613, -0.016263220459222794, 0.13762499392032623], [0.9943416118621826, -0.0362921804189682, -0.0998377725481987, -0.12197799980640411], [-0.10035417973995209, -0.012692970223724842, -0.9948707818984985, 0.1046999990940094], [0.0, 0.0, 0.0, 1.0]], "camera_delta": [0.0, 0.0, 0.0, -1.514948722025622e-10, 1.6825891790972491e-09, -1.0187617416335115e-09], "nodes": [], "edges": []}
{"sequence_id": "arkit_47333462", "frame_idx": 76, "frame_stem": "47333462_57357.336", "camera_pose": [[0.03483878821134567, 0.9992606043815613, -0.016263220459222794, 0.13762499392032623], [0.9943416118621826, -0.0362921804189682, -0.0998377725481987, -0.12197799980640411], [-0.10035417973995209, -0.012692970223724842, -0.9948707818984985, 0.1046999990940094], [0.0, 0.0, 0.0, 1.0]], "camera_delta": [0.0, 0.0, 0.0, -1.514948722025622e-10, 1.6825891790972491e-09, -1.0187617416335115e-09], "nodes": [], "edges": []}
