{"sequence_id": "arkit_47333462", "frame_idx": 0, "frame_stem": "47333462_57352.271", "camera_pose": [[0.03483878821134567, 0.9992606043815613, -0.016263220459222794, 0.13762499392032623], [0.9943416118621826, -0.0362921804189682, -0.0998377725481987, -0.12197799980640411], [-0.10035417973995209, -0.012692970223724842, -0.9948707818984985, 0.1046999990940094], [0.0, 0.0, 0.0, 1.0]], "camera_delta": [0.0, 0.0, 0.0, 0.0, 0.0, 0.0], "nodes": [], "edges": []}
{"sequence_id": "arkit_47333462", "frame_idx": 1, "frame_stem": "47333462_57352.338", "camera_pose": [[0.03483878821134567, 0.9992606043815613, -0.016263220459222794, 0.13762499392032623], [0.9943416118621826, -0.0362921804189682, -0.0998377725481987, -0.12197799980640411], [-0.10035417973995209, -0.012692970223724842, -0.9948707818984985, 0.1046999990940094], [0.0, 0.0, 0.0, 1.0]], "camera_delta": [0.0, 0.0, 0.0, -1.514948722025622e-10, 1.6825891790972491e-09, -1.0187617416335115e-09], "nodes": [], "edges": []}
{"sequence_id": "arkit_47333462", "frame_idx": 2, "frame_stem": "47333462_57352.405", "camera_pose": [[0.03483878821134567, 0.9992606043815613, -0.016263220459222794, 0.13762499392032623], [0.9943416118621826, -0.0362921804189682, -0.0998377725481987, -0.12197799980640411], [-0.10035417973995209, -0.012692970223724842, -0.9948707818984985, 0.1046999990940094], [0.0, 0.0, 0.0, 1.0]], "camera_delta": [0.0, 0.0, 0.0, -1.514948722025622e-10, 1.6825891790972491e-09, -1.0187617416335115e-09], "nodes": [{"track_id": 1, "label": "book", "label_id": 73, "centroid": [0.16464002430438995, -0.13251495361328125, -0.4708050787448883], "size": [0.2405555546283722, 0.17253625392913818, 0.023008882999420166], "bbox": [101.03480529785156, 47.618492126464844, 190.08383178710938, 164.46014404296875], "score": 0.21591871976852417, "visible": 1, "missed": 0, "vel": [0.0, 0.0, 0.0]}], "edges": []}
{"sequence_id": "arkit_47333462", "frame_idx": 3, "frame_stem": "47333462_57352.471", "camera_pose": [[0.03483878821134567, 0.9992606043815613, -0.016263220459222794, 0.13762499392032623], [0.9943416118621826, -0.0362921804189682, -0.0998377725481987, -0.12197799980640411], [-0.10035417973995209, -0.012692970223724842, -0.9948707818984985, 0.1046999990940094], [0.0, 0.0, 0.0, 1.0]], "camera_delta": [0.0, 0.0, 0.0, -1.514948722025622e-10, 1.6825891790972491e-09, -1.0187617416335115e-09], "nodes": [{"track_id": 1, "label": "book", "label_id": 73, "centroid": [0.1626199185848236, -0.13089445233345032, -0.4721197187900543], "size": [0.24176889657974243, 0.17293336987495422, 0.021710902452468872], "bbox": [102.0517349243164, 46.336669921875, 190.5180206298828, 163.8026123046875], "score": 0.2023763805627823, "visible": 1, "missed": 0, "vel": [-0.002020105719566345, 0.0016205012798309326, -0.0013146400451660156]}], "edges": []}
{"sequence_id": "arkit_47333462", "frame_idx": 4, "frame_stem": "47333462_57352.538", "camera_pose": [[0.03483878821134567, 0.9992606043815613, -0.016263220459222794, 0.13762499392032623], [0.9943416118621826, -0.0362921804189682, -0.0998377725481987, -0.12197799980640411], [-0.10035417973995209, -0.012692970223724842, -0.9948707818984985, 0.1046999990940094], [0.0, 0.0, 0.0, 1.0]], "camera_delta": [0.0, 0.0, 0.0, -1.514948722025622e-10, 1.6825891790972491e-09, -1.0187617416335115e-09], "nodes": [{"track_id": 1, "label": "book", "label_id": 73, "centroid": [0.1586771309375763, -0.1309109330177307, -0.472743958234787], "size": [0.24119074642658234, 0.17332996428012848, 0.020772606134414673], "bbox": [102.22367095947266, 45.008270263671875, 190.21778869628906, 161.8631134033203], "score": 0.18798218667507172, "visible": 1, "missed": 0, "vel": [-0.0039427876472473145, -1.6480684280395508e-05, -0.000624239444732666]}], "edges": []}
{"sequence_id": "arkit_47333462", "frame_idx": 5, "frame_stem": "47333462_57352.605", "camera_pose": [[0.03483878821134567, 0.9992606043815613, -0.016263220459222794, 0.13762499392032623], [0.9943416118621826, -0.0362921804189682, -0.0998377725481987, -0.12197799980640411], [-0.10035417973995209, -0.012692970223724842, -0.9948707818984985, 0.1046999990940094], [0.0, 0.0, 0.0, 1.0]], "camera_delta": [0.0, 0.0, 0.0, -1.514948722025622e-10, 1.6825891790972491e-09, -1.0187617416335115e-09], "nodes": [{"track_id": 1, "label": "book", "label_id": 73, "centroid": [0.15473434329032898, -0.1309274137020111, -0.47336819767951965], "size": [0.24119074642658234, 0.17332996428012848, 0.020772606134414673], "bbox": [102.22367095947266, 45.008270263671875, 190.21778869628906, 161.8631134033203], "score": 0.18798218667507172, "visible": 0, "missed": 1, "vel": [-0.0039427876472473145, -1.6480684280395508e-05, -0.000624239444732666]}], "edges": []}
{"sequence_id": "arkit_47333462", "frame_idx": 6, "frame_stem": "47333462_57352.671", "camera_pose": [[0.03483878821134567, 0.9992606043815613, -0.016263220459222794, 0.13762499392032623], [0.9943416118621826, -0.0362921804189682, -0.0998377725481987, -0.12197799980640411], [-0.10035417973995209, -0.012692970223724842, -0.9948707818984985, 0.1046999990940094], [0.0, 0.0, 0.0, 1.0]], "camera_delta": [0.0, 0.0, 0.0, -1.514948722025622e-10, 1.6825891790972491e-09, -1.0187617416335115e-09], "nodes": [{"track_id": 1, "label": "book", "label_id": 73, "centroid": [0.15079155564308167, -0.1309438943862915, -0.4739924371242523], "size": [0.24119074642658234, 0.17332996428012848, 0.020772606134414673], "bbox": [102.22367095947266, 45.008270263671875, 190.21778869628906, 161.8631134033203], "score": 0.18798218667507172, "visible": 0, "missed": 2, "vel": [-0.0039427876472473145, -1.6480684280395508e-05, -0.000624239444732666]}], "edges": []}
{"sequence_id": "arkit_47333462", "frame_idx": 7, "frame_stem": "47333462_57352.738", "camera_pose": [[0.03483878821134567, 0.9992606043815613, -0.016263220459222794, 0.13762499392032623], [0.9943416118621826, -0.0362921804189682, -0.0998377725481987, -0.12197799980640411], [-0.10035417973995209, -0.012692970223724842, -0.9948707818984985, 0.1046999990940094], [0.0, 0.0, 0.0, 1.0]], "camera_delta": [0.0, 0.0, 0.0, -1.514948722025622e-10, 1.6825891790972491e-09, -1.0187617416335115e-09], "nodes": [{"track_id": 1, "label": "book", "label_id": 73, "centroid": [0.14684876799583435, -0.1309603750705719, -0.474616676568985], "size": [0.24119074642658234, 0.17332996428012848, 0.020772606134414673], "bbox": [102.22367095947266, 45.008270263671875, 190.21778869628906, 161.8631134033203], "score": 0.18798218667507172, "visible": 0, "missed": 3, "vel": [-0.0039427876472473145, -1.6480684280395508e-05, -0.000624239444732666]}], "edges": []}
{"sequence_id": "arkit_47333462", "frame_idx": 8, "frame_stem": "47333462_57352.805", "camera_pose": [[0.03483878821134567, 0.9992606043815613, -0.016263220459222794, 0.13762499392032623], [0.9943416118621826, -0.0362921804189682, -0.0998377725481987, -0.12197799980640411], [-0.10035417973995209, -0.012692970223724842, -0.9948707818984985, 0.1046999990940094], [0.0, 0.0, 0.0, 1.0]], "camera_delta": [0.0, 0.0, 0.0, -1.514948722025622e-10, 1.6825891790972491e-09, -1.0187617416335115e-09], "nodes": [{"track_id": 1, "label": "book", "label_id": 73, "centroid": [0.14290598034858704, -0.1309768557548523, -0.47524091601371765], "size": [0.24119074642658234, 0.17332996428012848, 0.020772606134414673], "bbox": [102.22367095947266, 45.008270263671875, 190.21778869628906, 161.8631134033203], "score": 0.18798218667507172, "visible": 0, "missed": 4, "vel": [-0.0039427876472473145, -1.6480684280395508e-05, -0.000624239444732666]}], "edges": []}
{"sequence_id": "arkit_47333462", "frame_idx": 9, "frame_stem": "47333462_57352.871", "camera_pose": [[0.03483878821134567, 0.9992606043815613, -0.016263220459222794, 0.13762499392032623], [0.9943416118621826, -0.0362921804189682, -0.0998377725481987, -0.12197799980640411], [-0.10035417973995209, -0.012692970223724842, -0.9948707818984985, 0.1046999990940094], [0.0, 0.0, 0.0, 1.0]], "camera_delta": [0.0, 0.0, 0.0, -1.514948722025622e-10, 1.6825891790972491e-09, -1.0187617416335115e-09], "nodes": [{"track_id": 1, "label": "book", "label_id": 73, "centroid": [0.13896319270133972, -0.1309933364391327, -0.4758651554584503], "size": [0.24119074642658234, 0.17332996428012848, 0.020772606134414673], "bbox": [102.22367095947266, 45.008270263671875, 190.21778869628906, 161.8631134033203], "score": 0.18798218667507172, "visible": 0, "missed": 5, "vel": [-0.0039427876472473145, -1.6480684280395508e-05, -0.000624239444732666]}], "edges": []}
{"sequence_id": "arkit_47333462", "frame_idx": 10, "frame_stem": "47333462_57352.938", "camera_pose": [[0.03483878821134567, 0.9992606043815613, -0.016263220459222794, 0.13762499392032623], [0.9943416118621826, -0.0362921804189682, -0.0998377725481987, -0.12197799980640411], [-0.10035417973995209, -0.012692970223724842, -0.9948707818984985, 0.1046999990940094], [0.0, 0.0, 0.0, 1.0]], "camera_delta": [0.0, 0.0, 0.0, -1.514948722025622e-10, 1.6825891790972491e-09, -1.0187617416335115e-09], "nodes": [{"track_id": 1, "label": "book", "label_id": 73, "centroid": [0.1350204050540924, -0.13100981712341309, -0.476489394903183], "size": [0.24119074642658234, 0.17332996428012848, 0.020772606134414673], "bbox": [102.22367095947266, 45.008270263671875, 190.21778869628906, 161.8631134033203], "score": 0.18798218667507172, "visible": 0, "missed": 6, "vel": [-0.0039427876472473145, -1.6480684280395508e-05, -0.000624239444732666]}], "edges": []}
{"sequence_id": "arkit_47333462", "frame_idx": 11, "frame_stem": "47333462_57353.004", "camera_pose": [[0.03483878821134567, 0.9992606043815613, -0.016263220459222794, 0.13762499392032623], [0.9943416118621826, -0.0362921804189682, -0.0998377725481987, -0.12197799980640411], [-0.10035417973995209, -0.012692970223724842, -0.9948707818984985, 0.1046999990940094], [0.0, 0.0, 0.0, 1.0]], "camera_delta": [0.0, 0.0, 0.0, -1.514948722025622e-10, 1.6825891790972491e-09, -1.0187617416335115e-09], "nodes": [{"track_id": 1, "label": "book", "label_id": 73, "centroid": [0.1310776174068451, -0.13102629780769348, -0.47711363434791565], "size": [0.24119074642658234, 0.17332996428012848, 0.020772606134414673], "bbox": [102.22367095947266, 45.008270263671875, 190.21778869628906, 161.8631134033203], "score": 0.18798218667507172, "visible": 0, "missed": 7, "vel": [-0.0039427876472473145, -1.6480684280395508e-05, -0.000624239444732666]}], "edges": []}
{"sequence_id": "arkit_47333462", "frame_idx": 12, "frame_stem": "47333462_57353.071", "camera_pose": [[0.03483878821134567, 0.9992606043815613, -0.016263220459222794, 0.13762499392032623], [0.9943416118621826, -0.0362921804189682, -0.0998377725481987, -0.12197799980640411], [-0.10035417973995209, -0.012692970223724842, -0.9948707818984985, 0.1046999990940094], [0.0, 0.0, 0.0, 1.0]], "camera_delta": [0.0, 0.0, 0.0, -1.514948722025622e-10, 1.6825891790972491e-09, -1.0187617416335115e-09], "nodes": [{"track_id": 1, "label": "book", "label_id": 73, "centroid": [0.16344591975212097, -0.13446791470050812, -0.494765043258667], "size": [0.24310824275016785, 0.17404651641845703, 0.02308514714241028], "bbox": [103.973876953125, 49.99372482299805, 185.9095458984375, 160.778564453125], "score": 0.1826716810464859, "visible": 1, "missed": 0, "vel": [0.03236830234527588, -0.0034416168928146362, -0.017651408910751343]}], "edges": []}
{"sequence_id": "arkit_47333462", "frame_idx": 13, "frame_stem": "47333462_57353.138", "camera_pose": [[0.03483878821134567, 0.9992606043815613, -0.016263220459222794, 0.13762499392032623], [0.9943416118621826, -0.0362921804189682, -0.0998377725481987, -0.12197799980640411], [-0.10035417973995209, -0.012692970223724842, -0.9948707818984985, 0.1046999990940094], [0.0, 0.0, 0.0, 1.0]], "camera_delta": [0.0, 0.0, 0.0, -1.514948722025622e-10, 1.6825891790972491e-09, -1.0187617416335115e-09], "nodes": [{"track_id": 1, "label": "book", "label_id": 73, "centroid": [0.19581422209739685, -0.13790953159332275, -0.5124164819717407], "size": [0.24310824275016785, 0.17404651641845703, 0.02308514714241028], "bbox": [103.973876953125, 49.99372482299805, 185.9095458984375, 160.778564453125], "score": 0.1826716810464859, "visible": 0, "missed": 1, "vel": [0.03236830234527588, -0.0034416168928146362, -0.017651408910751343]}], "edges": []}
{"sequence_id": "arkit_47333462", "frame_idx": 14, "frame_stem": "47333462_57353.204", "camera_pose": [[0.03483878821134567, 0.9992606043815613, -0.016263220459222794, 0.13762499392032623], [0.9943416118621826, -0.0362921804189682, -0.0998377725481987, -0.12197799980640411], [-0.10035417973995209, -0.012692970223724842, -0.9948707818984985, 0.1046999990940094], [0.0, 0.0, 0.0, 1.0]], "camera_delta": [0.0, 0.0, 0.0, -1.514948722025622e-10, 1.6825891790972491e-09, -1.0187617416335115e-09], "nodes": [{"track_id": 1, "label": "book", "label_id": 73, "centroid": [0.1691770851612091, -0.1422182023525238, -0.5062106251716614], "size": [0.24326089024543762, 0.17302361130714417, 0.02498912811279297], "bbox": [102.8993911743164, 52.683441162109375, 182.2936248779297, 161.5148468017578], "score": 0.2714611291885376, "visible": 1, "missed": 0, "vel": [-0.026637136936187744, -0.00430867075920105, 0.006205856800079346]}], "edges": []}
{"sequence_id": "arkit_47333462", "frame_idx": 15, "frame_stem": "47333462_57353.271", "camera_pose": [[0.03483878821134567, 0.9992606043815613, -0.016263220459222794, 0.13762499392032623], [0.9943416118621826, -0.0362921804189682, -0.0998377725481987, -0.12197799980640411], [-0.10035417973995209, -0.012692970223724842, -0.9948707818984985, 0.1046999990940094], [0.0, 0.0, 0.0, 1.0]], "camera_delta": [0.0, 0.0, 0.0, -1.514948722025622e-10, 1.6825891790972491e-09, -1.0187617416335115e-09], "nodes": [{"track_id": 1, "label": "book", "label_id": 73, "centroid": [0.14253994822502136, -0.14652687311172485, -0.500004768371582], "size": [0.24326089024543762, 0.17302361130714417, 0.02498912811279297], "bbox": [102.8993911743164, 52.683441162109375, 182.2936248779297, 161.5148468017578], "score": 0.2714611291885376, "visible": 0, "missed": 1, "vel": [-0.026637136936187744, -0.00430867075920105, 0.006205856800079346]}], "edges": []}
{"sequence_id": "arkit_47333462", "frame_idx": 16, "frame_stem": "47333462_57353.338", "camera_pose": [[0.03483878821134567, 0.9992606043815613, -0.016263220459222794, 0.13762499392032623], [0.9943416118621826, -0.0362921804189682, -0.0998377725481987, -0.12197799980640411], [-0.10035417973995209, -0.012692970223724842, -0.9948707818984985, 0.1046999990940094], [0.0, 0.0, 0.0, 1.0]], "camera_delta": [0.0, 0.0, 0.0, -1.514948722025622e-10, 1.6825891790972491e-09, -1.0187617416335115e-09], "nodes": [{"track_id": 1, "label": "book", "label_id": 73, "centroid": [0.172914057970047, -0.14519070088863373, -0.5142528414726257], "size": [0.2421344816684723, 0.17293356359004974, 0.024566471576690674], "bbox": [102.5271987915039, 54.78534698486328, 180.779052734375, 161.23568725585938], "score": 0.21971368789672852, "visible": 1, "missed": 0, "vel": [0.030374109745025635, 0.0013361722230911255, -0.014248073101043701]}], "edges": []}
{"sequence_id": "arkit_47333462", "frame_idx": 17, "frame_stem": "47333462_57353.404", "camera_pose": [[0.03483878821134567, 0.9992606043815613, -0.016263220459222794, 0.13762499392032623], [0.9943416118621826, -0.0362921804189682, -0.0998377725481987, -0.12197799980640411], [-0.10035417973995209, -0.012692970223724842, -0.9948707818984985, 0.1046999990940094], [0.0, 0.0, 0.0, 1.0]], "camera_delta": [0.0, 0.0, 0.0, -1.514948722025622e-10, 1.6825891790972491e-09, -1.0187617416335115e-09], "nodes": [{"track_id": 1, "label": "book", "label_id": 73, "centroid": [0.1733139604330063, -0.1446927785873413, -0.516883373260498], "size": [0.2424611747264862, 0.17318934202194214, 0.024252593517303467], "bbox": [102.600341796875, 55.135986328125, 180.91464233398438, 161.27035522460938], "score": 0.18566225469112396, "visible": 1, "missed": 0, "vel": [0.00039990246295928955, 0.0004979223012924194, -0.0026305317878723145]}], "edges": []}
{"sequence_id": "arkit_47333462", "frame_idx": 18, "frame_stem": "47333462_57353.471", "camera_pose": [[0.03483878821134567, 0.9992606043815613, -0.016263220459222794, 0.13762499392032623], [0.9943416118621826, -0.0362921804189682, -0.0998377725481987, -0.12197799980640411], [-0.10035417973995209, -0.012692970223724842, -0.9948707818984985, 0.1046999990940094], [0.0, 0.0, 0.0, 1.0]], "camera_delta": [0.0, 0.0, 0.0, -1.514948722025622e-10, 1.6825891790972491e-09, -1.0187617416335115e-09], "nodes": [{"track_id": 1, "label": "book", "label_id": 73, "centroid": [0.17541077733039856, -0.14765270054340363, -0.515123724937439], "size": [0.24088402092456818, 0.17317195236682892, 0.024952232837677002], "bbox": [102.06939697265625, 55.89191818237305, 179.79136657714844, 162.0515594482422], "score": 0.2958700656890869, "visible": 1, "missed": 0, "vel": [0.002096816897392273, -0.002959921956062317, 0.001759648323059082]}], "edges": []}
{"sequence_id": "arkit_47333462", "frame_idx": 19, "frame_stem": "47333462_57353.538", "camera_pose": [[0.03483878821134567, 0.9992606043815613, -0.016263220459222794, 0.13762499392032623], [0.9943416118621826, -0.0362921804189682, -0.0998377725481987, -0.12197799980640411], [-0.10035417973995209, -0.012692970223724842, -0.9948707818984985, 0.1046999990940094], [0.0, 0.0, 0.0, 1.0]], "camera_delta": [0.0, 0.0, 0.0, -1.514948722025622e-10, 1.6825891790972491e-09, -1.0187617416335115e-09], "nodes": [{"track_id": 1, "label": "book", "label_id": 73, "centroid": [0.1759313941001892, -0.1490134596824646, -0.5176477432250977], "size": [0.24237430095672607, 0.1731465756893158, 0.02417778968811035], "bbox": [101.6380386352539, 55.9984130859375, 179.4008026123047, 162.1476287841797], "score": 0.5076128840446472, "visible": 1, "missed": 0, "vel": [0.0005206167697906494, -0.0013607591390609741, -0.0025240182876586914]}, {"track_id": 2, "label": "tv", "label_id": 62, "centroid": [0.10185661911964417, 0.17458844184875488, -0.5582851767539978], "size": [0.29676926136016846, 0.027761980891227722, 0.007800877094268799], "bbox": [238.31887817382812, 33.1465950012207, 255.91940307617188, 187.73226928710938], "score": 0.18323537707328796, "visible": 1, "missed": 0, "vel": [0.0, 0.0, 0.0]}], "edges": [{"src": 1, "dst": 2, "type": "near", "score": 0.7770334482192993}, {"src": 2, "dst": 1, "type": "near", "score": 0.7770334482192993}]}
{"sequence_id": "arkit_47333462", "frame_idx": 20, "frame_stem": "47333462_57353.604", "camera_pose": [[0.03483878821134567, 0.9992606043815613, -0.016263220459222794, 0.13762499392032623], [0.9943416118621826, -0.0362921804189682, -0.0998377725481987, -0.12197799980640411], [-0.10035417973995209, -0.012692970223724842, -0.9948707818984985, 0.1046999990940094], [0.0, 0.0, 0.0, 1.0]], "camera_delta": [0.0, 0.0, 0.0, -1.514948722025622e-10, 1.6825891790972491e-09, -1.0187617416335115e-09], "nodes": [{"track_id": 1, "label": "book", "label_id": 73, "centroid": [0.17815253138542175, -0.14987759292125702, -0.5171197652816772], "size": [0.2435198873281479, 0.1727375090122223, 0.024877309799194336], "bbox": [101.53279876708984, 57.34809494018555, 178.89170837402344, 162.92041015625], "score": 0.3649989366531372, "visible": 1, "missed": 0, "vel": [0.002221137285232544, -0.0008641332387924194, 0.0005279779434204102]}, {"track_id": 2, "label": "tv", "label_id": 62, "centroid": [0.11007813364267349, 0.1744621992111206, -0.5588749051094055], "size": [0.3016369044780731, 0.0282534658908844, 0.006889760494232178], "bbox": [238.09829711914062, 34.31188201904297, 255.91690063476562, 189.1385955810547], "score": 0.2700841426849365, "visible": 1, "missed": 0, "vel": [0.008221514523029327, -0.00012624263763427734, -0.0005897283554077148]}], "edges": [{"src": 1, "dst": 2, "type": "near", "score": 0.7773154377937317}, {"src": 2, "dst": 1, "type": "near", "score": 0.7773154377937317}]}
{"sequence_id": "arkit_47333462", "frame_idx": 21, "frame_stem": "47333462_57353.671", "camera_pose": [[0.03483878821134567, 0.9992606043815613, -0.016263220459222794, 0.13762499392032623], [0.9943416118621826, -0.0362921804189682, -0.0998377725481987, -0.12197799980640411], [-0.10035417973995209, -0.012692970223724842, -0.9948707818984985, 0.1046999990940094], [0.0, 0.0, 0.0, 1.0]], "camera_delta": [0.0, 0.0, 0.0, -1.514948722025622e-10, 1.6825891790972491e-09, -1.0187617416335115e-09], "nodes": [{"track_id": 1, "label": "book", "label_id": 73, "centroid": [0.17827652394771576, -0.1499527394771576, -0.515444815158844], "size": [0.24318203330039978, 0.17321856319904327, 0.024381518363952637], "bbox": [101.86158752441406, 57.3643798828125, 178.9532012939453, 162.83767700195312], "score": 0.5138501524925232, "visible": 1, "missed": 0, "vel": [0.00012399256229400635, -7.514655590057373e-05, 0.001674950122833252]}, {"track_id": 2, "label": "tv", "label_id": 62, "centroid": [0.11829964816570282, 0.17433595657348633, -0.5594646334648132], "size": [0.3016369044780731, 0.0282534658908844, 0.006889760494232178], "bbox": [238.09829711914062, 34.31188201904297, 255.91690063476562, 189.1385955810547], "score": 0.2700841426849365, "visible": 0, "missed": 1, "vel": [0.008221514523029327, -0.00012624263763427734, -0.0005897283554077148]}], "edges": [{"src": 1, "dst": 2, "type": "near", "score": 0.7781911492347717}, {"src": 2, "dst": 1, "type": "near", "score": 0.7781911492347717}]}
{"sequence_id": "arkit_47333462", "frame_idx": 22, "frame_stem": "47333462_57353.737", "camera_pose": [[0.03483878821134567, 0.9992606043815613, -0.016263220459222794, 0.13762499392032623], [0.9943416118621826, -0.0362921804189682, -0.0998377725481987, -0.12197799980640411], [-0.10035417973995209, -0.012692970223724842, -0.9948707818984985, 0.1046999990940094], [0.0, 0.0, 0.0, 1.0]], "camera_delta": [0.0, 0.0, 0.0, -1.514948722025622e-10, 1.6825891790972491e-09, -1.0187617416335115e-09], "nodes": [{"track_id": 1, "label": "book", "label_id": 73, "centroid": [0.1816544085741043, -0.1482154279947281, -0.5133634805679321], "size": [0.2423132210969925, 0.17345508933067322, 0.023321866989135742], "bbox": [102.39307403564453, 58.220069885253906, 179.4286651611328, 164.6599884033203], "score": 0.28833070397377014, "visible": 1, "missed": 0, "vel": [0.00337788462638855, 0.0017373114824295044, 0.0020813345909118652]}, {"track_id": 2, "label": "tv", "label_id": 62, "centroid": [0.12652117013931274, 0.17420971393585205, -0.560054361820221], "size": [0.3016369044780731, 0.0282534658908844, 0.006889760494232178], "bbox": [238.09829711914062, 34.31188201904297, 255.91690063476562, 189.1385955810547], "score": 0.2700841426849365, "visible": 0, "missed": 2, "vel": [0.008221514523029327, -0.00012624263763427734, -0.0005897283554077148]}], "edges": [{"src": 1, "dst": 2, "type": "near", "score": 0.7797197103500366}, {"src": 2, "dst": 1, "type": "near", "score": 0.7797197103500366}]}
{"sequence_id": "arkit_47333462", "frame_idx": 23, "frame_stem": "47333462_57353.804", "camera_pose": [[0.03483878821134567, 0.9992606043815613, -0.016263220459222794, 0.13762499392032623], [0.9943416118621826, -0.0362921804189682, -0.0998377725481987, -0.12197799980640411], [-0.10035417973995209, -0.012692970223724842, -0.9948707818984985, 0.1046999990940094], [0.0, 0.0, 0.0, 1.0]], "camera_delta": [0.0, 0.0, 0.0, -1.514948722025622e-10, 1.6825891790972491e-09, -1.0187617416335115e-09], "nodes": [{"track_id": 1, "label": "book", "label_id": 73, "centroid": [0.186359241604805, -0.14798283576965332, -0.5132827758789062], "size": [0.24152448773384094, 0.17412933707237244, 0.023234665393829346], "bbox": [102.0389633178711, 59.139015197753906, 179.66232299804688, 165.657470703125], "score": 0.18975810706615448, "visible": 1, "missed": 0, "vel": [0.004704833030700684, 0.00023259222507476807, 8.07046890258789e-05]}, {"track_id": 2, "label": "tv", "label_id": 62, "centroid": [0.13474267721176147, 0.17408347129821777, -0.5606440901756287], "size": [0.3016369044780731, 0.0282534658908844, 0.006889760494232178], "bbox": [238.09829711914062, 34.31188201904297, 255.91690063476562, 189.1385955810547], "score": 0.2700841426849365, "visible": 0, "missed": 3, "vel": [0.008221514523029327, -0.00012624263763427734, -0.0005897283554077148]}], "edges": [{"src": 1, "dst": 2, "type": "near", "score": 0.7802687883377075}, {"src": 2, "dst": 1, "type": "near", "score": 0.7802687883377075}]}
{"sequence_id": "arkit_47333462", "frame_idx": 24, "frame_stem": "47333462_57353.871", "camera_pose": [[0.03483878821134567, 0.9992606043815613, -0.016263220459222794, 0.13762499392032623], [0.9943416118621826, -0.0362921804189682, -0.0998377725481987, -0.12197799980640411], [-0.10035417973995209, -0.012692970223724842, -0.9948707818984985, 0.1046999990940094], [0.0, 0.0, 0.0, 1.0]], "camera_delta": [0.0, 0.0, 0.0, -1.514948722025622e-10, 1.6825891790972491e-09, -1.0187617416335115e-09], "nodes": [{"track_id": 1, "label": "book", "label_id": 73, "centroid": [0.19106407463550568, -0.14775024354457855, -0.5132020711898804], "size": [0.24152448773384094, 0.17412933707237244, 0.023234665393829346], "bbox": [102.0389633178711, 59.139015197753906, 179.66232299804688, 165.657470703125], "score": 0.18975810706615448, "visible": 0, "missed": 1, "vel": [0.004704833030700684, 0.00023259222507476807, 8.07046890258789e-05]}, {"track_id": 2, "label": "tv", "label_id": 62, "centroid": [0.1429641842842102, 0.1739572286605835, -0.5612338185310364], "size": [0.3016369044780731, 0.0282534658908844, 0.006889760494232178], "bbox": [238.09829711914062, 34.31188201904297, 255.91690063476562, 189.1385955810547], "score": 0.2700841426849365, "visible": 0, "missed": 4, "vel": [0.008221514523029327, -0.00012624263763427734, -0.0005897283554077148]}], "edges": []}
{"sequence_id": "arkit_47333462", "frame_idx": 25, "frame_stem": "47333462_57353.937", "camera_pose": [[0.03483878821134567, 0.9992606043815613, -0.016263220459222794, 0.13762499392032623], [0.9943416118621826, -0.0362921804189682, -0.0998377725481987, -0.12197799980640411], [-0.10035417973995209, -0.012692970223724842, -0.9948707818984985, 0.1046999990940094], [0.0, 0.0, 0.0, 1.0]], "camera_delta": [0.0, 0.0, 0.0, -1.514948722025622e-10, 1.6825891790972491e-09, -1.0187617416335115e-09], "nodes": [{"track_id": 1, "label": "book", "label_id": 73, "centroid": [0.1843375861644745, -0.14341424405574799, -0.5118558406829834], "size": [0.24061933159828186, 0.1742028146982193, 0.022540926933288574], "bbox": [103.4244613647461, 58.51958465576172, 182.2998504638672, 165.4827117919922], "score": 0.24484077095985413, "visible": 1, "missed": 0, "vel": [-0.006726488471031189, 0.004335999488830566, 0.0013462305068969727]}, {"track_id": 2, "label": "tv", "label_id": 62, "centroid": [0.15118569135665894, 0.17383098602294922, -0.5618235468864441], "size": [0.3016369044780731, 0.0282534658908844, 0.006889760494232178], "bbox": [238.09829711914062, 34.31188201904297, 255.91690063476562, 189.1385955810547], "score": 0.2700841426849365, "visible": 0, "missed": 5, "vel": [0.008221514523029327, -0.00012624263763427734, -0.0005897283554077148]}], "edges": [{"src": 1, "dst": 2, "type": "near", "score": 0.7847581505775452}, {"src": 2, "dst": 1, "type": "near", "score": 0.7847581505775452}]}
{"sequence_id": "arkit_47333462", "frame_idx": 26, "frame_stem": "47333462_57354.004", "camera_pose": [[0.03483878821134567, 0.9992606043815613, -0.016263220459222794, 0.13762499392032623], [0.9943416118621826, -0.0362921804189682, -0.0998377725481987, -0.12197799980640411], [-0.10035417973995209, -0.012692970223724842, -0.9948707818984985, 0.1046999990940094], [0.0, 0.0, 0.0, 1.0]], "camera_delta": [0.0, 0.0, 0.0, -1.514948722025622e-10, 1.6825891790972491e-09, -1.0187617416335115e-09], "nodes": [{"track_id": 1, "label": "book", "label_id": 73, "centroid": [0.1838456690311432, -0.14102448523044586, -0.5129830837249756], "size": [0.24254891276359558, 0.17304390668869019, 0.02178049087524414], "bbox": [103.78983306884766, 58.4841423034668, 182.56959533691406, 165.25955200195312], "score": 0.24263550341129303, "visible": 1, "missed": 0, "vel": [-0.0004919171333312988, 0.002389758825302124, -0.0011272430419921875]}, {"track_id": 2, "label": "tv", "label_id": 62, "centroid": [0.15940719842910767, 0.17370474338531494, -0.5624132752418518], "size": [0.3016369044780731, 0.0282534658908844, 0.006889760494232178], "bbox": [238.09829711914062, 34.31188201904297, 255.91690063476562, 189.1385955810547], "score": 0.2700841426849365, "visible": 0, "missed": 6, "vel": [0.008221514523029327, -0.00012624263763427734, -0.0005897283554077148]}], "edges": [{"src": 1, "dst": 2, "type": "near", "score": 0.7869845628738403}, {"src": 2, "dst": 1, "type": "near", "score": 0.7869845628738403}]}
{"sequence_id": "arkit_47333462", "frame_idx": 27, "frame_stem": "47333462_57354.071", "camera_pose": [[0.03483878821134567, 0.9992606043815613, -0.016263220459222794, 0.13762499392032623], [0.9943416118621826, -0.0362921804189682, -0.0998377725481987, -0.12197799980640411], [-0.10035417973995209, -0.012692970223724842, -0.9948707818984985, 0.1046999990940094], [0.0, 0.0, 0.0, 1.0]], "camera_delta": [0.0, 0.0, 0.0, -1.514948722025622e-10, 1.6825891790972491e-09, -1.0187617416335115e-09], "nodes": [{"track_id": 1, "label": "book", "label_id": 73, "centroid": [0.18508997559547424, -0.140736922621727, -0.5128016471862793], "size": [0.2405790090560913, 0.17321068048477173, 0.02153712511062622], "bbox": [103.7960205078125, 58.548851013183594, 182.79031372070312, 165.4580078125], "score": 0.2622888684272766, "visible": 1, "missed": 0, "vel": [0.0012443065643310547, 0.00028756260871887207, 0.00018143653869628906]}, {"track_id": 2, "label": "tv", "label_id": 62, "centroid": [0.1676287055015564, 0.17357850074768066, -0.5630030035972595], "size": [0.3016369044780731, 0.0282534658908844, 0.006889760494232178], "bbox": [238.09829711914062, 34.31188201904297, 255.91690063476562, 189.1385955810547], "score": 0.2700841426849365, "visible": 0, "missed": 7, "vel": [0.008221514523029327, -0.00012624263763427734, -0.0005897283554077148]}], "edges": [{"src": 1, "dst": 2, "type": "near", "score": 0.7874814867973328}, {"src": 2, "dst": 1, "type": "near", "score": 0.7874814867973328}]}
{"sequence_id": "arkit_47333462", "frame_idx": 28, "frame_stem": "47333462_57354.137", "camera_pose": [[0.03483878821134567, 0.9992606043815613, -0.016263220459222794, 0.13762499392032623], [0.9943416118621826, -0.0362921804189682, -0.0998377725481987, -0.12197799980640411], [-0.10035417973995209, -0.012692970223724842, -0.9948707818984985, 0.1046999990940094], [0.0, 0.0, 0.0, 1.0]], "camera_delta": [0.0, 0.0, 0.0, -1.514948722025622e-10, 1.6825891790972491e-09, -1.0187617416335115e-09], "nodes": [{"track_id": 1, "label": "book", "label_id": 73, "centroid": [0.18429870903491974, -0.14080862700939178, -0.5133994817733765], "size": [0.2411147654056549, 0.17329862713813782, 0.021262288093566895], "bbox": [103.6339111328125, 58.2718505859375, 182.76388549804688, 165.14212036132812], "score": 0.2832464277744293, "visible": 1, "missed": 0, "vel": [-0.0007912665605545044, -7.170438766479492e-05, -0.000597834587097168]}, {"track_id": 2, "label": "tv", "label_id": 62, "centroid": [0.17585021257400513, 0.1734522581100464, -0.5635927319526672], "size": [0.3016369044780731, 0.0282534658908844, 0.006889760494232178], "bbox": [238.09829711914062, 34.31188201904297, 255.91690063476562, 189.1385955810547], "score": 0.2700841426849365, "visible": 0, "missed": 8, "vel": [0.008221514523029327, -0.00012624263763427734, -0.0005897283554077148]}], "edges": [{"src": 1, "dst": 2, "type": "near", "score": 0.7877625823020935}, {"src": 2, "dst": 1, "type": "near", "score": 0.7877625823020935}]}
{"sequence_id": "arkit_47333462", "frame_idx": 29, "frame_stem": "47333462_57354.204", "camera_pose": [[0.03483878821134567, 0.9992606043815613, -0.016263220459222794, 0.13762499392032623], [0.9943416118621826, -0.0362921804189682, -0.0998377725481987, -0.12197799980640411], [-0.10035417973995209, -0.012692970223724842, -0.9948707818984985, 0.1046999990940094], [0.0, 0.0, 0.0, 1.0]], "camera_delta": [0.0, 0.0, 0.0, -1.514948722025622e-10, 1.6825891790972491e-09, -1.0187617416335115e-09], "nodes": [{"track_id": 1, "label": "book", "label_id": 73, "centroid": [0.18415822088718414, -0.14033359289169312, -0.5132179260253906], "size": [0.24097372591495514, 0.17313210666179657, 0.02142179012298584], "bbox": [103.7807388305664, 58.06721115112305, 183.0006103515625, 165.2271270751953], "score": 0.21614757180213928, "visible": 1, "missed": 0, "vel": [-0.0001404881477355957, 0.00047503411769866943, 0.00018155574798583984]}, {"track_id": 2, "label": "tv", "label_id": 62, "centroid": [0.18407171964645386, 0.1733260154724121, -0.564182460308075], "size": [0.3016369044780731, 0.0282534658908844, 0.006889760494232178], "bbox": [238.09829711914062, 34.31188201904297, 255.91690063476562, 189.1385955810547], "score": 0.2700841426849365, "visible": 0, "missed": 9, "vel": [0.008221514523029327, -0.00012624263763427734, -0.0005897283554077148]}], "edges": [{"src": 1, "dst": 2, "type": "near", "score": 0.7881512641906738}, {"src": 2, "dst": 1, "type": "near", "score": 0.7881512641906738}]}
{"sequence_id": "arkit_47333462", "frame_idx": 30, "frame_stem": "47333462_57354.271", "camera_pose": [[0.03483878821134567, 0.9992606043815613, -0.016263220459222794, 0.13762499392032623], [0.9943416118621826, -0.0362921804189682, -0.0998377725481987, -0.12197799980640411], [-0.10035417973995209, -0.012692970223724842, -0.9948707818984985, 0.1046999990940094], [0.0, 0.0, 0.0, 1.0]], "camera_delta": [0.0, 0.0, 0.0, -1.514948722025622e-10, 1.6825891790972491e-09, -1.0187617416335115e-09], "nodes": [{"track_id": 1, "label": "book", "label_id": 73, "centroid": [0.18507549166679382, -0.1399383544921875, -0.5130468606948853], "size": [0.24056598544120789, 0.17278069257736206, 0.020230770111083984], "bbox": [103.81256103515625, 58.65089797973633, 183.41424560546875, 165.89645385742188], "score": 0.27121052145957947, "visible": 1, "missed": 0, "vel": [0.0009172707796096802, 0.00039523839950561523, 0.0001710653305053711]}, {"track_id": 2, "label": "tv", "label_id": 62, "centroid": [0.1922932267189026, 0.17319977283477783, -0.5647721886634827], "size": [0.3016369044780731, 0.0282534658908844, 0.006889760494232178], "bbox": [238.09829711914062, 34.31188201904297, 255.91690063476562, 189.1385955810547], "score": 0.2700841426849365, "visible": 0, "missed": 10, "vel": [0.008221514523029327, -0.00012624263763427734, -0.0005897283554077148]}], "edges": [{"src": 1, "dst": 2, "type": "near", "score": 0.7883576154708862}, {"src": 2, "dst": 1, "type": "near", "score": 0.7883576154708862}]}
{"sequence_id": "arkit_47333462", "frame_idx": 31, "frame_stem": "47333462_57354.337", "camera_pose": [[0.03483878821134567, 0.9992606043815613, -0.016263220459222794, 0.13762499392032623], [0.9943416118621826, -0.0362921804189682, -0.0998377725481987, -0.12197799980640411], [-0.10035417973995209, -0.012692970223724842, -0.9948707818984985, 0.1046999990940094], [0.0, 0.0, 0.0, 1.0]], "camera_delta": [0.0, 0.0, 0.0, -1.514948722025622e-10, 1.6825891790972491e-09, -1.0187617416335115e-09], "nodes": [{"track_id": 1, "label": "book", "label_id": 73, "centroid": [0.18419179320335388, -0.13959091901779175, -0.5139168500900269], "size": [0.24062767624855042, 0.17290499806404114, 0.020028769969940186], "bbox": [103.7749252319336, 58.09601974487305, 183.4370880126953, 165.3531036376953], "score": 0.18802638351917267, "visible": 1, "missed": 0, "vel": [-0.0008836984634399414, 0.00034743547439575195, -0.0008699893951416016]}, {"track_id": 2, "label": "tv", "label_id": 62, "centroid": [0.20051473379135132, 0.17307353019714355, -0.5653619170188904], "size": [0.3016369044780731, 0.0282534658908844, 0.006889760494232178], "bbox": [238.09829711914062, 34.31188201904297, 255.91690063476562, 189.1385955810547], "score": 0.2700841426849365, "visible": 0, "missed": 11, "vel": [0.008221514523029327, -0.00012624263763427734, -0.0005897283554077148]}], "edges": [{"src": 1, "dst": 2, "type": "near", "score": 0.7884742021560669}, {"src": 2, "dst": 1, "type": "near", "score": 0.7884742021560669}]}
{"sequence_id": "arkit_47333462", "frame_idx": 32, "frame_stem": "47333462_57354.404", "camera_pose": [[0.03483878821134567, 0.9992606043815613, -0.016263220459222794, 0.13762499392032623], [0.9943416118621826, -0.0362921804189682, -0.0998377725481987, -0.12197799980640411], [-0.10035417973995209, -0.012692970223724842, -0.9948707818984985, 0.1046999990940094], [0.0, 0.0, 0.0, 1.0]], "camera_delta": [0.0, 0.0, 0.0, -1.514948722025622e-10, 1.6825891790972491e-09, -1.0187617416335115e-09], "nodes": [{"track_id": 1, "label": "book", "label_id": 73, "centroid": [0.1830976903438568, -0.14093583822250366, -0.5136566162109375], "size": [0.24071168899536133, 0.17395621538162231, 0.020551979541778564], "bbox": [103.42778015136719, 57.72322463989258, 183.185546875, 165.15499877929688], "score": 0.23277196288108826, "visible": 1, "missed": 0, "vel": [-0.0010941028594970703, -0.001344919204711914, 0.00026023387908935547]}, {"track_id": 2, "label": "tv", "label_id": 62, "centroid": [0.20873624086380005, 0.17294728755950928, -0.5659516453742981], "size": [0.3016369044780731, 0.0282534658908844, 0.006889760494232178], "bbox": [238.09829711914062, 34.31188201904297, 255.91690063476562, 189.1385955810547], "score": 0.2700841426849365, "visible": 0, "missed": 12, "vel": [0.008221514523029327, -0.00012624263763427734, -0.0005897283554077148]}], "edges": [{"src": 1, "dst": 2, "type": "near", "score": 0.7871727347373962}, {"src": 2, "dst": 1, "type": "near", "score": 0.7871727347373962}]}
{"sequence_id": "arkit_47333462", "frame_idx": 33, "frame_stem": "47333462_57354.471", "camera_pose": [[0.03483878821134567, 0.9992606043815613, -0.016263220459222794, 0.13762499392032623], [0.9943416118621826, -0.0362921804189682, -0.0998377725481987, -0.12197799980640411], [-0.10035417973995209, -0.012692970223724842, -0.9948707818984985, 0.1046999990940094], [0.0, 0.0, 0.0, 1.0]], "camera_delta": [0.0, 0.0, 0.0, -1.514948722025622e-10, 1.6825891790972491e-09, -1.0187617416335115e-09], "nodes": [{"track_id": 1, "label": "book", "label_id": 73, "centroid": [0.18177975714206696, -0.1420862376689911, -0.5125755071640015], "size": [0.24177025258541107, 0.17347165942192078, 0.020936548709869385], "bbox": [103.1050033569336, 57.441871643066406, 183.0087127685547, 164.96133422851562], "score": 0.26912766695022583, "visible": 1, "missed": 0, "vel": [-0.001317933201789856, -0.0011503994464874268, 0.0010811090469360352]}, {"track_id": 2, "label": "tv", "label_id": 62, "centroid": [0.21695774793624878, 0.172821044921875, -0.5665413737297058], "size": [0.3016369044780731, 0.0282534658908844, 0.006889760494232178], "bbox": [238.09829711914062, 34.31188201904297, 255.91690063476562, 189.1385955810547], "score": 0.2700841426849365, "visible": 0, "missed": 13, "vel": [0.008221514523029327, -0.00012624263763427734, -0.0005897283554077148]}], "edges": [{"src": 1, "dst": 2, "type": "near", "score": 0.7857142090797424}, {"src": 2, "dst": 1, "type": "near", "score": 0.7857142090797424}]}
