{"sequence_id": "arkit_47333462", "frame_idx": 0, "frame_stem": "47333462_57352.271", "camera_pose": [[0.03483878821134567, 0.9992606043815613, -0.016263220459222794, 0.13762499392032623], [0.9943416118621826, -0.0362921804189682, -0.0998377725481987, -0.12197799980640411], [-0.10035417973995209, -0.012692970223724842, -0.9948707818984985, 0.1046999990940094], [0.0, 0.0, 0.0, 1.0]], "camera_delta": [0.0, 0.0, 0.0, 0.0, 0.0, 0.0], "nodes": [], "edges": []}
{"sequence_id": "arkit_47333462", "frame_idx": 1, "frame_stem": "47333462_57352.338", "camera_pose": [[0.03483878821134567, 0.9992606043815613, -0.016263220459222794, 0.13762499392032623], [0.9943416118621826, -0.0362921804189682, -0.0998377725481987, -0.12197799980640411], [-0.10035417973995209, -0.012692970223724842, -0.9948707818984985, 0.1046999990940094], [0.0, 0.0, 0.0, 1.0]], "camera_delta": [0.0, 0.0, 0.0, -1.514948722025622e-10, 1.6825891790972491e-09, -1.0187617416335115e-09], "nodes": [], "edges": []}
{"sequence_id": "arkit_47333462", "frame_idx": 2, "frame_stem": "47333462_57352.405", "camera_pose": [[0.03483878821134567, 0.9992606043815613, -0.016263220459222794, 0.13762499392032623], [0.9943416118621826, -0.0362921804189682, -0.0998377725481987, -0.12197799980640411], [-0.10035417973995209, -0.012692970223724842, -0.9948707818984985, 0.1046999990940094], [0.0, 0.0, 0.0, 1.0]], "camera_delta": [0.0, 0.0, 0.0, -1.514948722025622e-10, 1.6825891790972491e-09, -1.0187617416335115e-09], "nodes": [], "edges": []}
{"sequence_id": "arkit_47333462", "frame_idx": 3, "frame_stem": "47333462_57352.471", "camera_pose": [[0.03483878821134567, 0.9992606043815613, -0.016263220459222794, 0.13762499392032623], [0.9943416118621826, -0.0362921804189682, -0.0998377725481987, -0.12197799980640411], [-0.10035417973995209, -0.012692970223724842, -0.9948707818984985, 0.1046999990940094], [0.0, 0.0, 0.0, 1.0]], "camera_delta": [0.0, 0.0, 0.0, -1.514948722025622e-10, 1.6825891790972491e-09, -1.0187617416335115e-09], "nodes": [], "edges": []}
{"sequence_id": "arkit_47333462", "frame_idx": 4, "frame_stem": "47333462_57352.538", "camera_pose": [[0.03483878821134567, 0.9992606043815613, -0.016263220459222794, 0.13762499392032623], [0.9943416118621826, -0.0362921804189682, -0.0998377725481987, -0.12197799980640411], [-0.10035417973995209, -0.012692970223724842, -0.9948707818984985, 0.1046999990940094], [0.0, 0.0, 0.0, 1.0]], "camera_delta": [0.0, 0.0, 0.0, -1.514948722025622e-10, 1.6825891790972491e-09, -1.0187617416335115e-09], "nodes": [], "edges": []}
{"sequence_id": "arkit_47333462", "frame_idx": 5, "frame_stem": "47333462_57352.605", "camera_pose": [[0.03483878821134567, 0.9992606043815613, -0.016263220459222794, 0.13762499392032623], [0.9943416118621826, -0.0362921804189682, -0.0998377725481987, -0.12197799980640411], [-0.10035417973995209, -0.012692970223724842, -0.9948707818984985, 0.1046999990940094], [0.0, 0.0, 0.0, 1.0]], "camera_delta": [0.0, 0.0, 0.0, -1.514948722025622e-10, 1.6825891790972491e-09, -1.0187617416335115e-09], "nodes": [], "edges": []}
{"sequence_id": "arkit_47333462", "frame_idx": 6, "frame_stem": "47333462_57352.671", "camera_pose": [[0.03483878821134567, 0.9992606043815613, -0.016263220459222794, 0.13762499392032623], [0.9943416118621826, -0.0362921804189682, -0.0998377725481987, -0.12197799980640411], [-0.10035417973995209, -0.012692970223724842, -0.9948707818984985, 0.1046999990940094], [0.0, 0.0, 0.0, 1.0]], "camera_delta": [0.0, 0.0, 0.0, -1.514948722025622e-10, 1.6825891790972491e-09, -1.0187617416335115e-09], "nodes": [{"track_id": 1, "label": "dog", "label_id": 16, "centroid": [0.10605386644601822, -0.10617554932832718, -0.47548043727874756], "size": [0.08408060669898987, 0.07321630418300629, 0.008065521717071533], "bbox": [136.82852172851562, 65.21070861816406, 170.62789916992188, 104.02766418457031], "score": 0.1935274302959442, "visible": 1, "missed": 0, "vel": [0.0, 0.0, 0.0]}], "edges": []}
{"sequence_id": "arkit_47333462", "frame_idx": 7, "frame_stem": "47333462_57352.738", "camera_pose": [[0.03483878821134567, 0.9992606043815613, -0.016263220459222794, 0.13762499392032623], [0.9943416118621826, -0.0362921804189682, -0.0998377725481987, -0.12197799980640411], [-0.10035417973995209, -0.012692970223724842, -0.9948707818984985, 0.1046999990940094], [0.0, 0.0, 0.0, 1.0]], "camera_delta": [0.0, 0.0, 0.0, -1.514948722025622e-10, 1.6825891790972491e-09, -1.0187617416335115e-09], "nodes": [{"track_id": 1, "label": "dog", "label_id": 16, "centroid": [0.10605386644601822, -0.10617554932832718, -0.47548043727874756], "size": [0.08408060669898987, 0.07321630418300629, 0.008065521717071533], "bbox": [136.82852172851562, 65.21070861816406, 170.62789916992188, 104.02766418457031], "score": 0.1935274302959442, "visible": 0, "missed": 1, "vel": [0.0, 0.0, 0.0]}], "edges": []}
{"sequence_id": "arkit_47333462", "frame_idx": 8, "frame_stem": "47333462_57352.805", "camera_pose": [[0.03483878821134567, 0.9992606043815613, -0.016263220459222794, 0.13762499392032623], [0.9943416118621826, -0.0362921804189682, -0.0998377725481987, -0.12197799980640411], [-0.10035417973995209, -0.012692970223724842, -0.9948707818984985, 0.1046999990940094], [0.0, 0.0, 0.0, 1.0]], "camera_delta": [0.0, 0.0, 0.0, -1.514948722025622e-10, 1.6825891790972491e-09, -1.0187617416335115e-09], "nodes": [{"track_id": 1, "label": "dog", "label_id": 16, "centroid": [0.10605386644601822, -0.10617554932832718, -0.47548043727874756], "size": [0.08408060669898987, 0.07321630418300629, 0.008065521717071533], "bbox": [136.82852172851562, 65.21070861816406, 170.62789916992188, 104.02766418457031], "score": 0.1935274302959442, "visible": 0, "missed": 2, "vel": [0.0, 0.0, 0.0]}, {"track_id": 2, "label": "teddy bear", "label_id": 77, "centroid": [0.10477963089942932, -0.10471854358911514, -0.4771197736263275], "size": [0.08668513596057892, 0.07531362771987915, 0.008731484413146973], "bbox": [137.4654998779297, 63.82965087890625, 171.9652557373047, 104.23909759521484], "score": 0.21488583087921143, "visible": 1, "missed": 0, "vel": [0.0, 0.0, 0.0]}], "edges": [{"src": 1, "dst": 2, "type": "near", "score": 0.9983089566230774}, {"src": 2, "dst": 1, "type": "near", "score": 0.9983089566230774}]}
{"sequence_id": "arkit_47333462", "frame_idx": 9, "frame_stem": "47333462_57352.871", "camera_pose": [[0.03483878821134567, 0.9992606043815613, -0.016263220459222794, 0.13762499392032623], [0.9943416118621826, -0.0362921804189682, -0.0998377725481987, -0.12197799980640411], [-0.10035417973995209, -0.012692970223724842, -0.9948707818984985, 0.1046999990940094], [0.0, 0.0, 0.0, 1.0]], "camera_delta": [0.0, 0.0, 0.0, -1.514948722025622e-10, 1.6825891790972491e-09, -1.0187617416335115e-09], "nodes": [{"track_id": 1, "label": "dog", "label_id": 16, "centroid": [0.10605386644601822, -0.10617554932832718, -0.47548043727874756], "size": [0.08408060669898987, 0.07321630418300629, 0.008065521717071533], "bbox": [136.82852172851562, 65.21070861816406, 170.62789916992188, 104.02766418457031], "score": 0.1935274302959442, "visible": 0, "missed": 3, "vel": [0.0, 0.0, 0.0]}, {"track_id": 2, "label": "teddy bear", "label_id": 77, "centroid": [0.10468637943267822, -0.10333879292011261, -0.47897815704345703], "size": [0.0869765430688858, 0.07365895062685013, 0.007954537868499756], "bbox": [137.67440795898438, 63.943115234375, 172.12313842773438, 104.07759094238281], "score": 0.20811684429645538, "visible": 1, "missed": 0, "vel": [-9.325146675109863e-05, 0.001379750669002533, -0.0018583834171295166]}], "edges": [{"src": 1, "dst": 2, "type": "near", "score": 0.9968623518943787}, {"src": 2, "dst": 1, "type": "near", "score": 0.9968623518943787}]}
{"sequence_id": "arkit_47333462", "frame_idx": 10, "frame_stem": "47333462_57352.938", "camera_pose": [[0.03483878821134567, 0.9992606043815613, -0.016263220459222794, 0.13762499392032623], [0.9943416118621826, -0.0362921804189682, -0.0998377725481987, -0.12197799980640411], [-0.10035417973995209, -0.012692970223724842, -0.9948707818984985, 0.1046999990940094], [0.0, 0.0, 0.0, 1.0]], "camera_delta": [0.0, 0.0, 0.0, -1.514948722025622e-10, 1.6825891790972491e-09, -1.0187617416335115e-09], "nodes": [{"track_id": 1, "label": "dog", "label_id": 16, "centroid": [0.10605386644601822, -0.10617554932832718, -0.47548043727874756], "size": [0.08408060669898987, 0.07321630418300629, 0.008065521717071533], "bbox": [136.82852172851562, 65.21070861816406, 170.62789916992188, 104.02766418457031], "score": 0.1935274302959442, "visible": 0, "missed": 4, "vel": [0.0, 0.0, 0.0]}, {"track_id": 2, "label": "teddy bear", "label_id": 77, "centroid": [0.10459312796592712, -0.10195904225111008, -0.48083654046058655], "size": [0.0869765430688858, 0.07365895062685013, 0.007954537868499756], "bbox": [137.67440795898438, 63.943115234375, 172.12313842773438, 104.07759094238281], "score": 0.20811684429645538, "visible": 0, "missed": 1, "vel": [-9.325146675109863e-05, 0.001379750669002533, -0.0018583834171295166]}], "edges": []}
{"sequence_id": "arkit_47333462", "frame_idx": 11, "frame_stem": "47333462_57353.004", "camera_pose": [[0.03483878821134567, 0.9992606043815613, -0.016263220459222794, 0.13762499392032623], [0.9943416118621826, -0.0362921804189682, -0.0998377725481987, -0.12197799980640411], [-0.10035417973995209, -0.012692970223724842, -0.9948707818984985, 0.1046999990940094], [0.0, 0.0, 0.0, 1.0]], "camera_delta": [0.0, 0.0, 0.0, -1.514948722025622e-10, 1.6825891790972491e-09, -1.0187617416335115e-09], "nodes": [{"track_id": 1, "label": "dog", "label_id": 16, "centroid": [0.10605386644601822, -0.10617554932832718, -0.47548043727874756], "size": [0.08408060669898987, 0.07321630418300629, 0.008065521717071533], "bbox": [136.82852172851562, 65.21070861816406, 170.62789916992188, 104.02766418457031], "score": 0.1935274302959442, "visible": 0, "missed": 5, "vel": [0.0, 0.0, 0.0]}, {"track_id": 2, "label": "teddy bear", "label_id": 77, "centroid": [0.10449987649917603, -0.10057929158210754, -0.48269492387771606], "size": [0.0869765430688858, 0.07365895062685013, 0.007954537868499756], "bbox": [137.67440795898438, 63.943115234375, 172.12313842773438, 104.07759094238281], "score": 0.20811684429645538, "visible": 0, "missed": 2, "vel": [-9.325146675109863e-05, 0.001379750669002533, -0.0018583834171295166]}], "edges": []}
{"sequence_id": "arkit_47333462", "frame_idx": 12, "frame_stem": "47333462_57353.071", "camera_pose": [[0.03483878821134567, 0.9992606043815613, -0.016263220459222794, 0.13762499392032623], [0.9943416118621826, -0.0362921804189682, -0.0998377725481987, -0.12197799980640411], [-0.10035417973995209, -0.012692970223724842, -0.9948707818984985, 0.1046999990940094], [0.0, 0.0, 0.0, 1.0]], "camera_delta": [0.0, 0.0, 0.0, -1.514948722025622e-10, 1.6825891790972491e-09, -1.0187617416335115e-09], "nodes": [{"track_id": 1, "label": "dog", "label_id": 16, "centroid": [0.10605386644601822, -0.10617554932832718, -0.47548043727874756], "size": [0.08408060669898987, 0.07321630418300629, 0.008065521717071533], "bbox": [136.82852172851562, 65.21070861816406, 170.62789916992188, 104.02766418457031], "score": 0.1935274302959442, "visible": 0, "missed": 6, "vel": [0.0, 0.0, 0.0]}, {"track_id": 2, "label": "teddy bear", "label_id": 77, "centroid": [0.10440662503242493, -0.09919954091310501, -0.4845533072948456], "size": [0.0869765430688858, 0.07365895062685013, 0.007954537868499756], "bbox": [137.67440795898438, 63.943115234375, 172.12313842773438, 104.07759094238281], "score": 0.20811684429645538, "visible": 0, "missed": 3, "vel": [-9.325146675109863e-05, 0.001379750669002533, -0.0018583834171295166]}], "edges": []}
{"sequence_id": "arkit_47333462", "frame_idx": 13, "frame_stem": "47333462_57353.138", "camera_pose": [[0.03483878821134567, 0.9992606043815613, -0.016263220459222794, 0.13762499392032623], [0.9943416118621826, -0.0362921804189682, -0.0998377725481987, -0.12197799980640411], [-0.10035417973995209, -0.012692970223724842, -0.9948707818984985, 0.1046999990940094], [0.0, 0.0, 0.0, 1.0]], "camera_delta": [0.0, 0.0, 0.0, -1.514948722025622e-10, 1.6825891790972491e-09, -1.0187617416335115e-09], "nodes": [{"track_id": 1, "label": "dog", "label_id": 16, "centroid": [0.10605386644601822, -0.10617554932832718, -0.47548043727874756], "size": [0.08408060669898987, 0.07321630418300629, 0.008065521717071533], "bbox": [136.82852172851562, 65.21070861816406, 170.62789916992188, 104.02766418457031], "score": 0.1935274302959442, "visible": 0, "missed": 7, "vel": [0.0, 0.0, 0.0]}, {"track_id": 2, "label": "teddy bear", "label_id": 77, "centroid": [0.10431337356567383, -0.09781979024410248, -0.4864116907119751], "size": [0.0869765430688858, 0.07365895062685013, 0.007954537868499756], "bbox": [137.67440795898438, 63.943115234375, 172.12313842773438, 104.07759094238281], "score": 0.20811684429645538, "visible": 0, "missed": 4, "vel": [-9.325146675109863e-05, 0.001379750669002533, -0.0018583834171295166]}], "edges": []}
{"sequence_id": "arkit_47333462", "frame_idx": 14, "frame_stem": "47333462_57353.204", "camera_pose": [[0.03483878821134567, 0.9992606043815613, -0.016263220459222794, 0.13762499392032623], [0.9943416118621826, -0.0362921804189682, -0.0998377725481987, -0.12197799980640411], [-0.10035417973995209, -0.012692970223724842, -0.9948707818984985, 0.1046999990940094], [0.0, 0.0, 0.0, 1.0]], "camera_delta": [0.0, 0.0, 0.0, -1.514948722025622e-10, 1.6825891790972491e-09, -1.0187617416335115e-09], "nodes": [{"track_id": 1, "label": "dog", "label_id": 16, "centroid": [0.10605386644601822, -0.10617554932832718, -0.47548043727874756], "size": [0.08408060669898987, 0.07321630418300629, 0.008065521717071533], "bbox": [136.82852172851562, 65.21070861816406, 170.62789916992188, 104.02766418457031], "score": 0.1935274302959442, "visible": 0, "missed": 8, "vel": [0.0, 0.0, 0.0]}, {"track_id": 2, "label": "teddy bear", "label_id": 77, "centroid": [0.10422012209892273, -0.09644003957509995, -0.4882700741291046], "size": [0.0869765430688858, 0.07365895062685013, 0.007954537868499756], "bbox": [137.67440795898438, 63.943115234375, 172.12313842773438, 104.07759094238281], "score": 0.20811684429645538, "visible": 0, "missed": 5, "vel": [-9.325146675109863e-05, 0.001379750669002533, -0.0018583834171295166]}, {"track_id": 3, "label": "suitcase", "label_id": 28, "centroid": [0.140996515750885, 0.1674945056438446, -0.5455725789070129], "size": [0.30127543210983276, 0.02399301528930664, 0.014919519424438477], "bbox": [242.63394165039062, 29.304492950439453, 255.8725128173828, 159.13308715820312], "score": 0.2332816869020462, "visible": 1, "missed": 0, "vel": [0.0, 0.0, 0.0]}], "edges": [{"src": 1, "dst": 3, "type": "near", "score": 0.8102291822433472}, {"src": 3, "dst": 1, "type": "near", "score": 0.8102291822433472}, {"src": 2, "dst": 3, "type": "near", "score": 0.8182828426361084}, {"src": 3, "dst": 2, "type": "near", "score": 0.8182828426361084}]}
{"sequence_id": "arkit_47333462", "frame_idx": 15, "frame_stem": "47333462_57353.271", "camera_pose": [[0.03483878821134567, 0.9992606043815613, -0.016263220459222794, 0.13762499392032623], [0.9943416118621826, -0.0362921804189682, -0.0998377725481987, -0.12197799980640411], [-0.10035417973995209, -0.012692970223724842, -0.9948707818984985, 0.1046999990940094], [0.0, 0.0, 0.0, 1.0]], "camera_delta": [0.0, 0.0, 0.0, -1.514948722025622e-10, 1.6825891790972491e-09, -1.0187617416335115e-09], "nodes": [{"track_id": 1, "label": "dog", "label_id": 16, "centroid": [0.10605386644601822, -0.10617554932832718, -0.47548043727874756], "size": [0.08408060669898987, 0.07321630418300629, 0.008065521717071533], "bbox": [136.82852172851562, 65.21070861816406, 170.62789916992188, 104.02766418457031], "score": 0.1935274302959442, "visible": 0, "missed": 9, "vel": [0.0, 0.0, 0.0]}, {"track_id": 2, "label": "teddy bear", "label_id": 77, "centroid": [0.10412687063217163, -0.09506028890609741, -0.49012845754623413], "size": [0.0869765430688858, 0.07365895062685013, 0.007954537868499756], "bbox": [137.67440795898438, 63.943115234375, 172.12313842773438, 104.07759094238281], "score": 0.20811684429645538, "visible": 0, "missed": 6, "vel": [-9.325146675109863e-05, 0.001379750669002533, -0.0018583834171295166]}, {"track_id": 3, "label": "suitcase", "label_id": 28, "centroid": [0.140996515750885, 0.1674945056438446, -0.5455725789070129], "size": [0.30127543210983276, 0.02399301528930664, 0.014919519424438477], "bbox": [242.63394165039062, 29.304492950439453, 255.8725128173828, 159.13308715820312], "score": 0.2332816869020462, "visible": 0, "missed": 1, "vel": [0.0, 0.0, 0.0]}], "edges": []}
{"sequence_id": "arkit_47333462", "frame_idx": 16, "frame_stem": "47333462_57353.338", "camera_pose": [[0.03483878821134567, 0.9992606043815613, -0.016263220459222794, 0.13762499392032623], [0.9943416118621826, -0.0362921804189682, -0.0998377725481987, -0.12197799980640411], [-0.10035417973995209, -0.012692970223724842, -0.9948707818984985, 0.1046999990940094], [0.0, 0.0, 0.0, 1.0]], "camera_delta": [0.0, 0.0, 0.0, -1.514948722025622e-10, 1.6825891790972491e-09, -1.0187617416335115e-09], "nodes": [{"track_id": 1, "label": "dog", "label_id": 16, "centroid": [0.10605386644601822, -0.10617554932832718, -0.47548043727874756], "size": [0.08408060669898987, 0.07321630418300629, 0.008065521717071533], "bbox": [136.82852172851562, 65.21070861816406, 170.62789916992188, 104.02766418457031], "score": 0.1935274302959442, "visible": 0, "missed": 10, "vel": [0.0, 0.0, 0.0]}, {"track_id": 2, "label": "teddy bear", "label_id": 77, "centroid": [0.10403361916542053, -0.09368053823709488, -0.49198684096336365], "size": [0.0869765430688858, 0.07365895062685013, 0.007954537868499756], "bbox": [137.67440795898438, 63.943115234375, 172.12313842773438, 104.07759094238281], "score": 0.20811684429645538, "visible": 0, "missed": 7, "vel": [-9.325146675109863e-05, 0.001379750669002533, -0.0018583834171295166]}, {"track_id": 3, "label": "suitcase", "label_id": 28, "centroid": [0.140996515750885, 0.1674945056438446, -0.5455725789070129], "size": [0.30127543210983276, 0.02399301528930664, 0.014919519424438477], "bbox": [242.63394165039062, 29.304492950439453, 255.8725128173828, 159.13308715820312], "score": 0.2332816869020462, "visible": 0, "missed": 2, "vel": [0.0, 0.0, 0.0]}, {"track_id": 4, "label": "tv", "label_id": 62, "centroid": [0.18174049258232117, 0.16575518250465393, -0.5534967184066772], "size": [0.35642555356025696, 0.032007887959480286, 0.008402347564697266], "bbox": [239.90859985351562, 32.345970153808594, 255.85287475585938, 184.4853057861328], "score": 0.2308207005262375, "visible": 1, "missed": 0, "vel": [0.0, 0.0, 0.0]}], "edges": [{"src": 1, "dst": 4, "type": "near", "score": 0.8047664165496826}, {"src": 4, "dst": 1, "type": "near", "score": 0.8047664165496826}, {"src": 2, "dst": 4, "type": "near", "score": 0.8148529529571533}, {"src": 4, "dst": 2, "type": "near", "score": 0.8148529529571533}, {"src": 3, "dst": 4, "type": "near", "score": 0.972304105758667}, {"src": 4, "dst": 3, "type": "near", "score": 0.972304105758667}]}
{"sequence_id": "arkit_47333462", "frame_idx": 17, "frame_stem": "47333462_57353.404", "camera_pose": [[0.03483878821134567, 0.9992606043815613, -0.016263220459222794, 0.13762499392032623], [0.9943416118621826, -0.0362921804189682, -0.0998377725481987, -0.12197799980640411], [-0.10035417973995209, -0.012692970223724842, -0.9948707818984985, 0.1046999990940094], [0.0, 0.0, 0.0, 1.0]], "camera_delta": [0.0, 0.0, 0.0, -1.514948722025622e-10, 1.6825891790972491e-09, -1.0187617416335115e-09], "nodes": [{"track_id": 1, "label": "dog", "label_id": 16, "centroid": [0.10605386644601822, -0.10617554932832718, -0.47548043727874756], "size": [0.08408060669898987, 0.07321630418300629, 0.008065521717071533], "bbox": [136.82852172851562, 65.21070861816406, 170.62789916992188, 104.02766418457031], "score": 0.1935274302959442, "visible": 0, "missed": 11, "vel": [0.0, 0.0, 0.0]}, {"track_id": 2, "label": "teddy bear", "label_id": 77, "centroid": [0.10394036769866943, -0.09230078756809235, -0.49384522438049316], "size": [0.0869765430688858, 0.07365895062685013, 0.007954537868499756], "bbox": [137.67440795898438, 63.943115234375, 172.12313842773438, 104.07759094238281], "score": 0.20811684429645538, "visible": 0, "missed": 8, "vel": [-9.325146675109863e-05, 0.001379750669002533, -0.0018583834171295166]}, {"track_id": 3, "label": "suitcase", "label_id": 28, "centroid": [0.17895525693893433, 0.1657055914402008, -0.5565061569213867], "size": [0.35395050048828125, 0.03468240797519684, 0.008888721466064453], "bbox": [239.289794921875, 31.84893798828125, 255.849365234375, 182.44204711914062], "score": 0.190203458070755, "visible": 1, "missed": 0, "vel": [0.037958741188049316, -0.0017889142036437988, -0.01093357801437378]}, {"track_id": 4, "label": "tv", "label_id": 62, "centroid": [0.08955800533294678, 0.17485164105892181, -0.5555006861686707], "size": [0.27797508239746094, 0.024496227502822876, 0.01129227876663208], "bbox": [239.4510955810547, 32.356590270996094, 255.8504180908203, 181.62149047851562], "score": 0.31245890259742737, "visible": 1, "missed": 0, "vel": [-0.09218248724937439, 0.009096458554267883, -0.002003967761993408]}], "edges": [{"src": 1, "dst": 3, "type": "near", "score": 0.8047234416007996}, {"src": 3, "dst": 1, "type": "near", "score": 0.8047234416007996}, {"src": 1, "dst": 4, "type": "near", "score": 0.8048913478851318}, {"src": 4, "dst": 1, "type": "near", "score": 0.8048913478851318}, {"src": 2, "dst": 3, "type": "near", "score": 0.8160665035247803}, {"src": 3, "dst": 2, "type": "near", "score": 0.8160665035247803}, {"src": 2, "dst": 4, "type": "near", "score": 0.8169654607772827}, {"src": 4, "dst": 2, "type": "near", "score": 0.8169654607772827}, {"src": 3, "dst": 4, "type": "near", "score": 0.9400869607925415}, {"src": 4, "dst": 3, "type": "near", "score": 0.9400869607925415}]}
{"sequence_id": "arkit_47333462", "frame_idx": 18, "frame_stem": "47333462_57353.471", "camera_pose": [[0.03483878821134567, 0.9992606043815613, -0.016263220459222794, 0.13762499392032623], [0.9943416118621826, -0.0362921804189682, -0.0998377725481987, -0.12197799980640411], [-0.10035417973995209, -0.012692970223724842, -0.9948707818984985, 0.1046999990940094], [0.0, 0.0, 0.0, 1.0]], "camera_delta": [0.0, 0.0, 0.0, -1.514948722025622e-10, 1.6825891790972491e-09, -1.0187617416335115e-09], "nodes": [{"track_id": 1, "label": "dog", "label_id": 16, "centroid": [0.10605386644601822, -0.10617554932832718, -0.47548043727874756], "size": [0.08408060669898987, 0.07321630418300629, 0.008065521717071533], "bbox": [136.82852172851562, 65.21070861816406, 170.62789916992188, 104.02766418457031], "score": 0.1935274302959442, "visible": 0, "missed": 12, "vel": [0.0, 0.0, 0.0]}, {"track_id": 2, "label": "teddy bear", "label_id": 77, "centroid": [0.10384711623191833, -0.09092103689908981, -0.4957036077976227], "size": [0.0869765430688858, 0.07365895062685013, 0.007954537868499756], "bbox": [137.67440795898438, 63.943115234375, 172.12313842773438, 104.07759094238281], "score": 0.20811684429645538, "visible": 0, "missed": 9, "vel": [-9.325146675109863e-05, 0.001379750669002533, -0.0018583834171295166]}, {"track_id": 3, "label": "suitcase", "label_id": 28, "centroid": [0.21691399812698364, 0.163916677236557, -0.5674397349357605], "size": [0.35395050048828125, 0.03468240797519684, 0.008888721466064453], "bbox": [239.289794921875, 31.84893798828125, 255.849365234375, 182.44204711914062], "score": 0.190203458070755, "visible": 0, "missed": 1, "vel": [0.037958741188049316, -0.0017889142036437988, -0.01093357801437378]}, {"track_id": 4, "label": "tv", "label_id": 62, "centroid": [0.09873230755329132, 0.17461343109607697, -0.5564026832580566], "size": [0.28953948616981506, 0.026828527450561523, 0.007359802722930908], "bbox": [238.4619140625, 32.970726013183594, 255.8427734375, 189.3403778076172], "score": 0.26987388730049133, "visible": 1, "missed": 0, "vel": [0.009174302220344543, -0.00023820996284484863, -0.0009019970893859863]}], "edges": [{"src": 1, "dst": 4, "type": "near", "score": 0.8051274418830872}, {"src": 4, "dst": 1, "type": "near", "score": 0.8051274418830872}, {"src": 2, "dst": 4, "type": "near", "score": 0.8183788061141968}, {"src": 4, "dst": 2, "type": "near", "score": 0.8183788061141968}, {"src": 3, "dst": 4, "type": "near", "score": 0.920548677444458}, {"src": 4, "dst": 3, "type": "near", "score": 0.920548677444458}]}
{"sequence_id": "arkit_47333462", "frame_idx": 19, "frame_stem": "47333462_57353.538", "camera_pose": [[0.03483878821134567, 0.9992606043815613, -0.016263220459222794, 0.13762499392032623], [0.9943416118621826, -0.0362921804189682, -0.0998377725481987, -0.12197799980640411], [-0.10035417973995209, -0.012692970223724842, -0.9948707818984985, 0.1046999990940094], [0.0, 0.0, 0.0, 1.0]], "camera_delta": [0.0, 0.0, 0.0, -1.514948722025622e-10, 1.6825891790972491e-09, -1.0187617416335115e-09], "nodes": [{"track_id": 1, "label": "dog", "label_id": 16, "centroid": [0.10605386644601822, -0.10617554932832718, -0.47548043727874756], "size": [0.08408060669898987, 0.07321630418300629, 0.008065521717071533], "bbox": [136.82852172851562, 65.21070861816406, 170.62789916992188, 104.02766418457031], "score": 0.1935274302959442, "visible": 0, "missed": 13, "vel": [0.0, 0.0, 0.0]}, {"track_id": 2, "label": "teddy bear", "label_id": 77, "centroid": [0.10375386476516724, -0.08954128623008728, -0.4975619912147522], "size": [0.0869765430688858, 0.07365895062685013, 0.007954537868499756], "bbox": [137.67440795898438, 63.943115234375, 172.12313842773438, 104.07759094238281], "score": 0.20811684429645538, "visible": 0, "missed": 10, "vel": [-9.325146675109863e-05, 0.001379750669002533, -0.0018583834171295166]}, {"track_id": 3, "label": "suitcase", "label_id": 28, "centroid": [0.25487273931503296, 0.1621277630329132, -0.5783733129501343], "size": [0.35395050048828125, 0.03468240797519684, 0.008888721466064453], "bbox": [239.289794921875, 31.84893798828125, 255.849365234375, 182.44204711914062], "score": 0.190203458070755, "visible": 0, "missed": 2, "vel": [0.037958741188049316, -0.0017889142036437988, -0.01093357801437378]}, {"track_id": 4, "label": "tv", "label_id": 62, "centroid": [0.10193634033203125, 0.17460158467292786, -0.5582862496376038], "size": [0.297274649143219, 0.02774953842163086, 0.007803022861480713], "bbox": [237.9678192138672, 33.006263732910156, 255.8422393798828, 190.00308227539062], "score": 0.19544151425361633, "visible": 1, "missed": 0, "vel": [0.003204032778739929, -1.1846423149108887e-05, -0.0018835663795471191]}], "edges": [{"src": 1, "dst": 4, "type": "near", "score": 0.8048253655433655}, {"src": 4, "dst": 1, "type": "near", "score": 0.8048253655433655}, {"src": 2, "dst": 4, "type": "near", "score": 0.819307267665863}, {"src": 4, "dst": 2, "type": "near", "score": 0.819307267665863}, {"src": 3, "dst": 4, "type": "near", "score": 0.8968310356140137}, {"src": 4, "dst": 3, "type": "near", "score": 0.8968310356140137}]}
{"sequence_id": "arkit_47333462", "frame_idx": 20, "frame_stem": "47333462_57353.604", "camera_pose": [[0.03483878821134567, 0.9992606043815613, -0.016263220459222794, 0.13762499392032623], [0.9943416118621826, -0.0362921804189682, -0.0998377725481987, -0.12197799980640411], [-0.10035417973995209, -0.012692970223724842, -0.9948707818984985, 0.1046999990940094], [0.0, 0.0, 0.0, 1.0]], "camera_delta": [0.0, 0.0, 0.0, -1.514948722025622e-10, 1.6825891790972491e-09, -1.0187617416335115e-09], "nodes": [{"track_id": 1, "label": "dog", "label_id": 16, "centroid": [0.10605386644601822, -0.10617554932832718, -0.47548043727874756], "size": [0.08408060669898987, 0.07321630418300629, 0.008065521717071533], "bbox": [136.82852172851562, 65.21070861816406, 170.62789916992188, 104.02766418457031], "score": 0.1935274302959442, "visible": 0, "missed": 14, "vel": [0.0, 0.0, 0.0]}, {"track_id": 2, "label": "teddy bear", "label_id": 77, "centroid": [0.10366061329841614, -0.08816153556108475, -0.4994203746318817], "size": [0.0869765430688858, 0.07365895062685013, 0.007954537868499756], "bbox": [137.67440795898438, 63.943115234375, 172.12313842773438, 104.07759094238281], "score": 0.20811684429645538, "visible": 0, "missed": 11, "vel": [-9.325146675109863e-05, 0.001379750669002533, -0.0018583834171295166]}, {"track_id": 3, "label": "suitcase", "label_id": 28, "centroid": [0.2928314805030823, 0.1603388488292694, -0.5893068909645081], "size": [0.35395050048828125, 0.03468240797519684, 0.008888721466064453], "bbox": [239.289794921875, 31.84893798828125, 255.849365234375, 182.44204711914062], "score": 0.190203458070755, "visible": 0, "missed": 3, "vel": [0.037958741188049316, -0.0017889142036437988, -0.01093357801437378]}, {"track_id": 4, "label": "tv", "label_id": 62, "centroid": [0.11015138030052185, 0.17449334263801575, -0.558876633644104], "size": [0.30178147554397583, 0.02824234962463379, 0.0068874359130859375], "bbox": [237.9999542236328, 33.9466552734375, 255.84017944335938, 190.55764770507812], "score": 0.20930428802967072, "visible": 1, "missed": 0, "vel": [0.0082150399684906, -0.00010824203491210938, -0.0005903840065002441]}, {"track_id": 5, "label": "book", "label_id": 73, "centroid": [0.17812231183052063, -0.1499081254005432, -0.517118513584137], "size": [0.2437581717967987, 0.1739290952682495, 0.024947702884674072], "bbox": [101.21501159667969, 56.6718635559082, 179.6520233154297, 162.61557006835938], "score": 0.19192859530448914, "visible": 1, "missed": 0, "vel": [0.0, 0.0, 0.0]}], "edges": [{"src": 1, "dst": 4, "type": "near", "score": 0.804783046245575}, {"src": 4, "dst": 1, "type": "near", "score": 0.804783046245575}, {"src": 1, "dst": 5, "type": "near", "score": 0.9373186826705933}, {"src": 5, "dst": 1, "type": "near", "score": 0.9373186826705933}, {"src": 2, "dst": 4, "type": "near", "score": 0.8204143643379211}, {"src": 4, "dst": 2, "type": "near", "score": 0.8204143643379211}, {"src": 2, "dst": 5, "type": "near", "score": 0.9344411492347717}, {"src": 5, "dst": 2, "type": "near", "score": 0.9344411492347717}, {"src": 3, "dst": 4, "type": "near", "score": 0.8761751055717468}, {"src": 4, "dst": 3, "type": "near", "score": 0.8761751055717468}, {"src": 3, "dst": 5, "type": "near", "score": 0.7742936611175537}, {"src": 5, "dst": 3, "type": "near", "score": 0.7742936611175537}, {"src": 4, "dst": 5, "type": "near", "score": 0.7772893309593201}, {"src": 5, "dst": 4, "type": "near", "score": 0.7772893309593201}]}
{"sequence_id": "arkit_47333462", "frame_idx": 21, "frame_stem": "47333462_57353.671", "camera_pose": [[0.03483878821134567, 0.9992606043815613, -0.016263220459222794, 0.13762499392032623], [0.9943416118621826, -0.0362921804189682, -0.0998377725481987, -0.12197799980640411], [-0.10035417973995209, -0.012692970223724842, -0.9948707818984985, 0.1046999990940094], [0.0, 0.0, 0.0, 1.0]], "camera_delta": [0.0, 0.0, 0.0, -1.514948722025622e-10, 1.6825891790972491e-09, -1.0187617416335115e-09], "nodes": [{"track_id": 2, "label": "teddy bear", "label_id": 77, "centroid": [0.10356736183166504, -0.08678178489208221, -0.5012787580490112], "size": [0.0869765430688858, 0.07365895062685013, 0.007954537868499756], "bbox": [137.67440795898438, 63.943115234375, 172.12313842773438, 104.07759094238281], "score": 0.20811684429645538, "visible": 0, "missed": 12, "vel": [-9.325146675109863e-05, 0.001379750669002533, -0.0018583834171295166]}, {"track_id": 3, "label": "suitcase", "label_id": 28, "centroid": [0.3307902216911316, 0.1585499346256256, -0.6002404689788818], "size": [0.35395050048828125, 0.03468240797519684, 0.008888721466064453], "bbox": [239.289794921875, 31.84893798828125, 255.849365234375, 182.44204711914062], "score": 0.190203458070755, "visible": 0, "missed": 4, "vel": [0.037958741188049316, -0.0017889142036437988, -0.01093357801437378]}, {"track_id": 4, "label": "tv", "label_id": 62, "centroid": [0.10979793965816498, 0.17446647584438324, -0.556212306022644], "size": [0.2999686002731323, 0.0256473571062088, 0.007795095443725586], "bbox": [238.75888061523438, 34.26750564575195, 255.84326171875, 190.18014526367188], "score": 0.22194348275661469, "visible": 1, "missed": 0, "vel": [-0.00035344064235687256, -2.6866793632507324e-05, 0.002664327621459961]}, {"track_id": 5, "label": "book", "label_id": 73, "centroid": [0.17812231183052063, -0.1499081254005432, -0.517118513584137], "size": [0.2437581717967987, 0.1739290952682495, 0.024947702884674072], "bbox": [101.21501159667969, 56.6718635559082, 179.6520233154297, 162.61557006835938], "score": 0.19192859530448914, "visible": 0, "missed": 1, "vel": [0.0, 0.0, 0.0]}], "edges": [{"src": 2, "dst": 4, "type": "near", "score": 0.8219773173332214}, {"src": 4, "dst": 2, "type": "near", "score": 0.8219773173332214}, {"src": 3, "dst": 4, "type": "near", "score": 0.8494020700454712}, {"src": 4, "dst": 3, "type": "near", "score": 0.8494020700454712}, {"src": 4, "dst": 5, "type": "near", "score": 0.7774736881256104}, {"src": 5, "dst": 4, "type": "near", "score": 0.7774736881256104}]}
{"sequence_id": "arkit_47333462", "frame_idx": 22, "frame_stem": "47333462_57353.737", "camera_pose": [[0.03483878821134567, 0.9992606043815613, -0.016263220459222794, 0.13762499392032623], [0.9943416118621826, -0.0362921804189682, -0.0998377725481987, -0.12197799980640411], [-0.10035417973995209, -0.012692970223724842, -0.9948707818984985, 0.1046999990940094], [0.0, 0.0, 0.0, 1.0]], "camera_delta": [0.0, 0.0, 0.0, -1.514948722025622e-10, 1.6825891790972491e-09, -1.0187617416335115e-09], "nodes": [{"track_id": 2, "label": "teddy bear", "label_id": 77, "centroid": [0.10347411036491394, -0.08540203422307968, -0.5031371116638184], "size": [0.0869765430688858, 0.07365895062685013, 0.007954537868499756], "bbox": [137.67440795898438, 63.943115234375, 172.12313842773438, 104.07759094238281], "score": 0.20811684429645538, "visible": 0, "missed": 13, "vel": [-9.325146675109863e-05, 0.001379750669002533, -0.0018583834171295166]}, {"track_id": 3, "label": "suitcase", "label_id": 28, "centroid": [0.19346657395362854, 0.1639018952846527, -0.5531042814254761], "size": [0.36089932918548584, 0.03631296753883362, 0.008592486381530762], "bbox": [239.11111450195312, 35.0733642578125, 255.84671020507812, 189.10794067382812], "score": 0.2403690367937088, "visible": 1, "missed": 0, "vel": [-0.13732364773750305, 0.0053519606590271, 0.04713618755340576]}, {"track_id": 4, "label": "tv", "label_id": 62, "centroid": [0.1094444990158081, 0.17443960905075073, -0.5535479784011841], "size": [0.2999686002731323, 0.0256473571062088, 0.007795095443725586], "bbox": [238.75888061523438, 34.26750564575195, 255.84326171875, 190.18014526367188], "score": 0.22194348275661469, "visible": 0, "missed": 1, "vel": [-0.00035344064235687256, -2.6866793632507324e-05, 0.002664327621459961]}, {"track_id": 5, "label": "book", "label_id": 73, "centroid": [0.17812231183052063, -0.1499081254005432, -0.517118513584137], "size": [0.2437581717967987, 0.1739290952682495, 0.024947702884674072], "bbox": [101.21501159667969, 56.6718635559082, 179.6520233154297, 162.61557006835938], "score": 0.19192859530448914, "visible": 0, "missed": 2, "vel": [0.0, 0.0, 0.0]}], "edges": [{"src": 2, "dst": 3, "type": "near", "score": 0.8201879858970642}, {"src": 3, "dst": 2, "type": "near", "score": 0.8201879858970642}, {"src": 3, "dst": 4, "type": "near", "score": 0.9435456991195679}, {"src": 4, "dst": 3, "type": "near", "score": 0.9435456991195679}, {"src": 3, "dst": 5, "type": "near", "score": 0.78917396068573}, {"src": 5, "dst": 3, "type": "near", "score": 0.78917396068573}]}
{"sequence_id": "arkit_47333462", "frame_idx": 23, "frame_stem": "47333462_57353.804", "camera_pose": [[0.03483878821134567, 0.9992606043815613, -0.016263220459222794, 0.13762499392032623], [0.9943416118621826, -0.0362921804189682, -0.0998377725481987, -0.12197799980640411], [-0.10035417973995209, -0.012692970223724842, -0.9948707818984985, 0.1046999990940094], [0.0, 0.0, 0.0, 1.0]], "camera_delta": [0.0, 0.0, 0.0, -1.514948722025622e-10, 1.6825891790972491e-09, -1.0187617416335115e-09], "nodes": [{"track_id": 2, "label": "teddy bear", "label_id": 77, "centroid": [0.10338085889816284, -0.08402228355407715, -0.5049954652786255], "size": [0.0869765430688858, 0.07365895062685013, 0.007954537868499756], "bbox": [137.67440795898438, 63.943115234375, 172.12313842773438, 104.07759094238281], "score": 0.20811684429645538, "visible": 0, "missed": 14, "vel": [-9.325146675109863e-05, 0.001379750669002533, -0.0018583834171295166]}, {"track_id": 3, "label": "suitcase", "label_id": 28, "centroid": [0.05614292621612549, 0.1692538559436798, -0.5059680938720703], "size": [0.36089932918548584, 0.03631296753883362, 0.008592486381530762], "bbox": [239.11111450195312, 35.0733642578125, 255.84671020507812, 189.10794067382812], "score": 0.2403690367937088, "visible": 0, "missed": 1, "vel": [-0.13732364773750305, 0.0053519606590271, 0.04713618755340576]}, {"track_id": 4, "label": "tv", "label_id": 62, "centroid": [0.10187989473342896, 0.17325103282928467, -0.5533715486526489], "size": [0.2771894037723541, 0.025853440165519714, 0.011183321475982666], "bbox": [239.00131225585938, 35.79179000854492, 255.84457397460938, 186.830078125], "score": 0.26877889037132263, "visible": 1, "missed": 0, "vel": [-0.00756460428237915, -0.0011885762214660645, 0.00017642974853515625]}, {"track_id": 5, "label": "book", "label_id": 73, "centroid": [0.17812231183052063, -0.1499081254005432, -0.517118513584137], "size": [0.2437581717967987, 0.1739290952682495, 0.024947702884674072], "bbox": [101.21501159667969, 56.6718635559082, 179.6520233154297, 162.61557006835938], "score": 0.19192859530448914, "visible": 0, "missed": 3, "vel": [0.0, 0.0, 0.0]}], "edges": [{"src": 2, "dst": 4, "type": "near", "score": 0.825475811958313}, {"src": 4, "dst": 2, "type": "near", "score": 0.825475811958313}, {"src": 3, "dst": 4, "type": "near", "score": 0.9560053944587708}, {"src": 4, "dst": 3, "type": "near", "score": 0.9560053944587708}, {"src": 4, "dst": 5, "type": "near", "score": 0.7773302793502808}, {"src": 5, "dst": 4, "type": "near", "score": 0.7773302793502808}]}
